grid_id,key,route,time,type,card,stage
661,e82948303135489c4f6458aae897aa7c,M435,2016-09-26 07:00:30,bus_on,b4c5399cc349666d17841c82e6ec025a,0
978,e82948303135489c4f6458aae897aa7c,M435,2016-09-26 09:15:04,bus_off,b4c5399cc349666d17841c82e6ec025a,1
661,1acf0b001fc1e0150f5fc62878a4c85d,M435,2016-09-26 07:09:21,bus_on,be622ce10371dc7e4dd31b02c368fa88,0
978,1acf0b001fc1e0150f5fc62878a4c85d,M435,2016-09-26 07:29:02,bus_off,be622ce10371dc7e4dd31b02c368fa88,1
661,dece37ef531ebf563be0f3fa97554400,M435,2016-09-26 07:49:58,bus_on,87285e1911d2fe35e3d4e1b3ffe93418,0
978,dece37ef531ebf563be0f3fa97554400,M435,2016-09-26 10:04:54,bus_off,87285e1911d2fe35e3d4e1b3ffe93418,1
661,0cb653fffbee2d555c6449d2d2bcb82d,观光一线,2016-09-26 07:06:37,bus_on,ffa222a8e2dabc9e2e04eaa70e82bc3e,0
978,0cb653fffbee2d555c6449d2d2bcb82d,观光一线,2016-09-26 07:22:25,bus_off,ffa222a8e2dabc9e2e04eaa70e82bc3e,1
661,63df96b63c8e7298786ea99d1473c392,323,2016-09-26 07:33:01,bus_on,45b11be98b0b05540f99457b1ea2d755,0
978,63df96b63c8e7298786ea99d1473c392,323,2016-09-26 08:05:53,bus_off,45b11be98b0b05540f99457b1ea2d755,1
661,63df96b63c8e7298786ea99d1473c392,323,2016-09-26 07:37:25,bus_on,9587adfaac1a19bce01d5c85b94a1ad5,0
978,63df96b63c8e7298786ea99d1473c392,323,2016-09-26 08:05:53,bus_off,9587adfaac1a19bce01d5c85b94a1ad5,1
661,340e772bcda8a30659c9fa4e012da95f,327,2016-09-26 08:00:05,bus_on,30bcd2495442c9452b04f762523034c0,0
978,340e772bcda8a30659c9fa4e012da95f,327,2016-09-26 08:32:18,bus_off,30bcd2495442c9452b04f762523034c0,1
661,340e772bcda8a30659c9fa4e012da95f,327,2016-09-26 07:56:36,bus_on,c4725b9cc8caaff980bf372f382827bb,0
978,340e772bcda8a30659c9fa4e012da95f,327,2016-09-26 08:32:18,bus_off,c4725b9cc8caaff980bf372f382827bb,1
661,340e772bcda8a30659c9fa4e012da95f,327,2016-09-26 07:52:05,bus_on,e327363ee35e611b8c6ef4163cb3d2a7,0
978,340e772bcda8a30659c9fa4e012da95f,327,2016-09-26 08:32:18,bus_off,e327363ee35e611b8c6ef4163cb3d2a7,1
661,340e772bcda8a30659c9fa4e012da95f,327,2016-09-26 07:53:34,bus_on,901095592d5c04b85062d559b4105f62,0
978,340e772bcda8a30659c9fa4e012da95f,327,2016-09-26 08:32:18,bus_off,901095592d5c04b85062d559b4105f62,1
661,a91861778cca1513a927a58ab9f695a0,M435,2016-09-26 07:15:30,bus_on,340102637bd3aa8ca4d9d1e9098f0b91,0
978,a91861778cca1513a927a58ab9f695a0,M435,2016-09-26 09:27:08,bus_off,340102637bd3aa8ca4d9d1e9098f0b91,1
661,a91861778cca1513a927a58ab9f695a0,M435,2016-09-26 07:20:29,bus_on,446348c9a582ec6cfd811b754ac52d2f,0
978,a91861778cca1513a927a58ab9f695a0,M435,2016-09-26 09:27:08,bus_off,446348c9a582ec6cfd811b754ac52d2f,1
661,740d77c0c40575256d91e53048c9274b,327,2016-09-26 07:24:42,bus_on,98fcf765e7e59243ab6ea1367904d900,0
978,740d77c0c40575256d91e53048c9274b,327,2016-09-26 09:09:57,bus_off,98fcf765e7e59243ab6ea1367904d900,1
661,740d77c0c40575256d91e53048c9274b,327,2016-09-26 07:29:08,bus_on,f405ba2faa34b5c1aa2dbf44daee1f22,0
978,740d77c0c40575256d91e53048c9274b,327,2016-09-26 09:09:57,bus_off,f405ba2faa34b5c1aa2dbf44daee1f22,1
661,740d77c0c40575256d91e53048c9274b,327,2016-09-26 07:26:52,bus_on,f1b810e2e662d4689a5fd79a9977830f,0
978,740d77c0c40575256d91e53048c9274b,327,2016-09-26 09:09:57,bus_off,f1b810e2e662d4689a5fd79a9977830f,1
661,740d77c0c40575256d91e53048c9274b,327,2016-09-26 07:28:16,bus_on,9571351e60b2b052a7ce3c57e76602fd,0
978,740d77c0c40575256d91e53048c9274b,327,2016-09-26 09:09:57,bus_off,9571351e60b2b052a7ce3c57e76602fd,1
661,cc9cab740fb38d26ab02f5b869e185fb,323,2016-09-26 07:23:25,bus_on,b55e5c708db6c5ddb62cd52f55004d1e,0
978,cc9cab740fb38d26ab02f5b869e185fb,323,2016-09-26 07:45:20,bus_off,b55e5c708db6c5ddb62cd52f55004d1e,1
661,cc9cab740fb38d26ab02f5b869e185fb,323,2016-09-26 07:26:04,bus_on,65981b42d0f87c4538cbaa28e9c9ba8b,0
978,cc9cab740fb38d26ab02f5b869e185fb,323,2016-09-26 07:45:20,bus_off,65981b42d0f87c4538cbaa28e9c9ba8b,1
661,cc9cab740fb38d26ab02f5b869e185fb,323,2016-09-26 07:19:42,bus_on,cfb4c36c7d8cf511cc3349eeb1611a45,0
978,cc9cab740fb38d26ab02f5b869e185fb,323,2016-09-26 07:45:20,bus_off,cfb4c36c7d8cf511cc3349eeb1611a45,1
661,cc9cab740fb38d26ab02f5b869e185fb,323,2016-09-26 07:21:13,bus_on,3b030a5144c56930ad419cffe2505450,0
978,cc9cab740fb38d26ab02f5b869e185fb,323,2016-09-26 07:45:20,bus_off,3b030a5144c56930ad419cffe2505450,1
661,d0141534b2debc754a4521f8bc7197f8,M435,2016-09-26 07:42:37,bus_on,301769470a75bb8f3a02f5f6fbacf81b,0
978,d0141534b2debc754a4521f8bc7197f8,M435,2016-09-26 08:14:10,bus_off,301769470a75bb8f3a02f5f6fbacf81b,1
661,d0141534b2debc754a4521f8bc7197f8,M435,2016-09-26 07:40:51,bus_on,51032727efe66d2f2299d887d402721c,0
978,d0141534b2debc754a4521f8bc7197f8,M435,2016-09-26 08:14:10,bus_off,51032727efe66d2f2299d887d402721c,1
661,d0141534b2debc754a4521f8bc7197f8,M435,2016-09-26 07:41:11,bus_on,2c784a241eb2169e1db8fef87dbaac38,0
978,d0141534b2debc754a4521f8bc7197f8,M435,2016-09-26 08:10:53,bus_off,2c784a241eb2169e1db8fef87dbaac38,1
661,d0141534b2debc754a4521f8bc7197f8,M435,2016-09-26 07:37:59,bus_on,f7659eec83e82083c97cfb6fcd6af22f,0
978,d0141534b2debc754a4521f8bc7197f8,M435,2016-09-26 08:14:10,bus_off,f7659eec83e82083c97cfb6fcd6af22f,1
661,d0141534b2debc754a4521f8bc7197f8,M435,2016-09-26 07:40:31,bus_on,ef8ee971829669838ad9b8cc1a616453,0
978,d0141534b2debc754a4521f8bc7197f8,M435,2016-09-26 08:14:10,bus_off,ef8ee971829669838ad9b8cc1a616453,1
661,d0141534b2debc754a4521f8bc7197f8,M435,2016-09-26 07:39:46,bus_on,165086cb14b1540fc1fbe5d760e6aab0,0
978,d0141534b2debc754a4521f8bc7197f8,M435,2016-09-26 08:14:10,bus_off,165086cb14b1540fc1fbe5d760e6aab0,1
661,d0141534b2debc754a4521f8bc7197f8,M435,2016-09-26 07:36:34,bus_on,437425bdc79e3ebbcf31f151e7aedf18,0
978,d0141534b2debc754a4521f8bc7197f8,M435,2016-09-26 08:10:53,bus_off,437425bdc79e3ebbcf31f151e7aedf18,1
661,d0141534b2debc754a4521f8bc7197f8,M435,2016-09-26 07:41:57,bus_on,5ea5ba9e688567ee77b195940c3e7432,0
978,d0141534b2debc754a4521f8bc7197f8,M435,2016-09-26 08:10:53,bus_off,5ea5ba9e688567ee77b195940c3e7432,1
661,d0141534b2debc754a4521f8bc7197f8,M435,2016-09-26 07:41:22,bus_on,a0bece044acd60ba020432006d671370,0
978,d0141534b2debc754a4521f8bc7197f8,M435,2016-09-26 08:10:53,bus_off,a0bece044acd60ba020432006d671370,1
661,d0141534b2debc754a4521f8bc7197f8,M435,2016-09-26 07:40:32,bus_on,3c9bf5832c447b5f4cc7e754de3ac223,0
978,d0141534b2debc754a4521f8bc7197f8,M435,2016-09-26 08:10:53,bus_off,3c9bf5832c447b5f4cc7e754de3ac223,1
661,abc8a339a3306e02ee9abd87deed961d,M435,2016-09-26 07:31:37,bus_on,30274ba2d5cbf3c92a0544a32359bd97,0
978,abc8a339a3306e02ee9abd87deed961d,M435,2016-09-26 08:09:42,bus_off,30274ba2d5cbf3c92a0544a32359bd97,1
661,abc8a339a3306e02ee9abd87deed961d,M435,2016-09-26 07:36:43,bus_on,fbca44d2ef2c7d3ef7db66c43435b898,0
978,abc8a339a3306e02ee9abd87deed961d,M435,2016-09-26 08:09:42,bus_off,fbca44d2ef2c7d3ef7db66c43435b898,1
661,abc8a339a3306e02ee9abd87deed961d,M435,2016-09-26 07:36:45,bus_on,620a77505f24657c487657cb67413fde,0
978,abc8a339a3306e02ee9abd87deed961d,M435,2016-09-26 08:09:42,bus_off,620a77505f24657c487657cb67413fde,1
661,abc8a339a3306e02ee9abd87deed961d,M435,2016-09-26 07:32:39,bus_on,f681cc3b030d739c79a1da515e48b487,0
978,abc8a339a3306e02ee9abd87deed961d,M435,2016-09-26 08:09:42,bus_off,f681cc3b030d739c79a1da515e48b487,1
661,9a5fdc31f11733eff1f185d1fadf44d3,327,2016-09-26 06:53:30,bus_on,f32be5137fecb43d7154fd0b0c6e5bc2,0
978,9a5fdc31f11733eff1f185d1fadf44d3,327,2016-09-26 08:16:09,bus_off,f32be5137fecb43d7154fd0b0c6e5bc2,1
661,9a5fdc31f11733eff1f185d1fadf44d3,327,2016-09-26 06:54:24,bus_on,093deedf317241035d6784c83298becd,0
978,9a5fdc31f11733eff1f185d1fadf44d3,327,2016-09-26 08:16:09,bus_off,093deedf317241035d6784c83298becd,1
661,9a5fdc31f11733eff1f185d1fadf44d3,327,2016-09-26 06:52:31,bus_on,b67a1ad3bd45f77ca4857d7cff961a18,0
978,9a5fdc31f11733eff1f185d1fadf44d3,327,2016-09-26 08:16:09,bus_off,b67a1ad3bd45f77ca4857d7cff961a18,1
661,9a5fdc31f11733eff1f185d1fadf44d3,327,2016-09-26 06:56:19,bus_on,7e8cacaf9a09f439d403aee7ea80d74e,0
978,9a5fdc31f11733eff1f185d1fadf44d3,327,2016-09-26 08:16:09,bus_off,7e8cacaf9a09f439d403aee7ea80d74e,1
661,e30c7f0004453367415d2915cf6387ff,M435,2016-09-26 07:25:00,bus_on,33e8c388b92c016fd6076694b831543f,0
978,e30c7f0004453367415d2915cf6387ff,M435,2016-09-26 07:47:15,bus_off,33e8c388b92c016fd6076694b831543f,1
661,e30c7f0004453367415d2915cf6387ff,M435,2016-09-26 07:23:25,bus_on,3feb41c3cafce66b2054b4228a715c28,0
978,e30c7f0004453367415d2915cf6387ff,M435,2016-09-26 07:47:15,bus_off,3feb41c3cafce66b2054b4228a715c28,1
661,e30c7f0004453367415d2915cf6387ff,M435,2016-09-26 07:27:07,bus_on,d88d83271745ede779c3d7c09cca9dc8,0
978,e30c7f0004453367415d2915cf6387ff,M435,2016-09-26 07:47:15,bus_off,d88d83271745ede779c3d7c09cca9dc8,1
661,e30c7f0004453367415d2915cf6387ff,M435,2016-09-26 07:25:30,bus_on,3c27feef906ec34e2338352c03429ce1,0
978,e30c7f0004453367415d2915cf6387ff,M435,2016-09-26 07:47:15,bus_off,3c27feef906ec34e2338352c03429ce1,1
661,98a63d5936a2c58a0c2b390cd597096c,327,2016-09-26 07:23:09,bus_on,3d548e9e32090c6b0f66b6dec54a6a25,0
978,98a63d5936a2c58a0c2b390cd597096c,327,2016-09-26 09:02:47,bus_off,3d548e9e32090c6b0f66b6dec54a6a25,1
661,98a63d5936a2c58a0c2b390cd597096c,327,2016-09-26 07:18:35,bus_on,491cb52cf22aa91a0e80ac5eecb21265,0
978,98a63d5936a2c58a0c2b390cd597096c,327,2016-09-26 09:02:47,bus_off,491cb52cf22aa91a0e80ac5eecb21265,1
661,98a63d5936a2c58a0c2b390cd597096c,327,2016-09-26 07:20:34,bus_on,6226c348ff5591d3408f681551b98795,0
978,98a63d5936a2c58a0c2b390cd597096c,327,2016-09-26 09:02:47,bus_off,6226c348ff5591d3408f681551b98795,1
661,98a63d5936a2c58a0c2b390cd597096c,327,2016-09-26 07:24:39,bus_on,17ac9321962ca2d2cdd584c783edaae3,0
978,98a63d5936a2c58a0c2b390cd597096c,327,2016-09-26 09:02:47,bus_off,17ac9321962ca2d2cdd584c783edaae3,1
661,98a63d5936a2c58a0c2b390cd597096c,327,2016-09-26 07:25:49,bus_on,437ee96c01b4630f9a8bc908893abcc1,0
978,98a63d5936a2c58a0c2b390cd597096c,327,2016-09-26 09:02:47,bus_off,437ee96c01b4630f9a8bc908893abcc1,1
661,98a63d5936a2c58a0c2b390cd597096c,327,2016-09-26 07:21:14,bus_on,95093b6ecd2cb0f95d5fa73599657ead,0
978,98a63d5936a2c58a0c2b390cd597096c,327,2016-09-26 09:02:47,bus_off,95093b6ecd2cb0f95d5fa73599657ead,1
661,e48f6caf7c8741c2422f52771f489b23,327,2016-09-26 08:13:28,bus_on,9a2b678e5503933c48779d643e17eaa1,0
978,e48f6caf7c8741c2422f52771f489b23,327,2016-09-26 08:54:44,bus_off,9a2b678e5503933c48779d643e17eaa1,1
661,e48f6caf7c8741c2422f52771f489b23,327,2016-09-26 08:15:09,bus_on,7bd9cec37ecb431e0d8d2e65c8dd3ae4,0
978,e48f6caf7c8741c2422f52771f489b23,327,2016-09-26 08:54:44,bus_off,7bd9cec37ecb431e0d8d2e65c8dd3ae4,1
661,e48f6caf7c8741c2422f52771f489b23,327,2016-09-26 08:13:45,bus_on,d687fb879d82d1d4db8cdf511b868cbe,0
978,e48f6caf7c8741c2422f52771f489b23,327,2016-09-26 08:54:44,bus_off,d687fb879d82d1d4db8cdf511b868cbe,1
661,be4796a0f41e2c8cf8b014af1736019f,M435,2016-09-26 07:02:23,bus_on,85d164e19d8d63f4c7710b0730375ce9,0
978,be4796a0f41e2c8cf8b014af1736019f,M435,2016-09-26 09:22:06,bus_off,85d164e19d8d63f4c7710b0730375ce9,1
661,a821512baade68ed4ec8a8d7cdd24067,395路,2016-09-26 06:46:01,bus_on,df8360ded2d7d397608e9260b90bff4a,0
978,a821512baade68ed4ec8a8d7cdd24067,395路,2016-09-26 09:34:55,bus_off,df8360ded2d7d397608e9260b90bff4a,1
661,a821512baade68ed4ec8a8d7cdd24067,395路,2016-09-26 06:46:00,bus_on,59db2f007f9dab0ceb9dc009329327b5,0
978,a821512baade68ed4ec8a8d7cdd24067,395路,2016-09-26 09:34:55,bus_off,59db2f007f9dab0ceb9dc009329327b5,1
661,a821512baade68ed4ec8a8d7cdd24067,395路,2016-09-26 06:49:05,bus_on,8af5df5c3ce7a278521c1d24182df158,0
978,a821512baade68ed4ec8a8d7cdd24067,395路,2016-09-26 09:34:55,bus_off,8af5df5c3ce7a278521c1d24182df158,1
661,bd4fb18769cf2b4f5429475826346669,395路,2016-09-26 06:52:53,bus_on,a67f717bb9e0580789d1fc0e9975b4e0,0
978,bd4fb18769cf2b4f5429475826346669,395路,2016-09-26 09:43:51,bus_off,a67f717bb9e0580789d1fc0e9975b4e0,1
661,ddd941d1db8e4f33e894839e5b9dbc3b,327,2016-09-26 07:44:14,bus_on,a3c5c060fd07f09e8552abe5830f7189,0
978,ddd941d1db8e4f33e894839e5b9dbc3b,327,2016-09-26 08:26:34,bus_off,a3c5c060fd07f09e8552abe5830f7189,1
661,ddd941d1db8e4f33e894839e5b9dbc3b,327,2016-09-26 07:50:15,bus_on,d24d9b055899a0f7a97aa4bda7cef25d,0
978,ddd941d1db8e4f33e894839e5b9dbc3b,327,2016-09-26 08:26:34,bus_off,d24d9b055899a0f7a97aa4bda7cef25d,1
661,ddd941d1db8e4f33e894839e5b9dbc3b,327,2016-09-26 07:46:43,bus_on,1cb21e3cce9638a778a90bfdc514ed61,0
978,ddd941d1db8e4f33e894839e5b9dbc3b,327,2016-09-26 08:26:34,bus_off,1cb21e3cce9638a778a90bfdc514ed61,1
661,5c791ed2e2b918462112ae2e68d5db75,323,2016-09-26 07:57:37,bus_on,199475cdc744289f4709c79f96670b2b,0
978,5c791ed2e2b918462112ae2e68d5db75,323,2016-09-26 08:29:51,bus_off,199475cdc744289f4709c79f96670b2b,1
661,5c791ed2e2b918462112ae2e68d5db75,323,2016-09-26 07:53:40,bus_on,93e100da8d1a5832fa58b0d26e2742d0,0
978,5c791ed2e2b918462112ae2e68d5db75,323,2016-09-26 08:29:51,bus_off,93e100da8d1a5832fa58b0d26e2742d0,1
661,5c791ed2e2b918462112ae2e68d5db75,323,2016-09-26 07:57:03,bus_on,9734c710f599c81a2e4885db9f6effe7,0
978,5c791ed2e2b918462112ae2e68d5db75,323,2016-09-26 08:29:51,bus_off,9734c710f599c81a2e4885db9f6effe7,1
661,5c791ed2e2b918462112ae2e68d5db75,323,2016-09-26 07:56:02,bus_on,38cc823c2571d6f1189e6dec6ecd120f,0
978,5c791ed2e2b918462112ae2e68d5db75,323,2016-09-26 08:29:51,bus_off,38cc823c2571d6f1189e6dec6ecd120f,1
661,5c791ed2e2b918462112ae2e68d5db75,323,2016-09-26 07:54:27,bus_on,80bc7bce452592c7b6ffccb0f307de7c,0
978,5c791ed2e2b918462112ae2e68d5db75,323,2016-09-26 08:29:51,bus_off,80bc7bce452592c7b6ffccb0f307de7c,1
661,5c791ed2e2b918462112ae2e68d5db75,323,2016-09-26 07:56:57,bus_on,3f83c010c9796becfbdb585ff2cd4dd0,0
978,5c791ed2e2b918462112ae2e68d5db75,323,2016-09-26 08:29:51,bus_off,3f83c010c9796becfbdb585ff2cd4dd0,1
661,5c791ed2e2b918462112ae2e68d5db75,323,2016-09-26 07:56:00,bus_on,85cb82626dae8cb8d1c4078d8587ea90,0
978,5c791ed2e2b918462112ae2e68d5db75,323,2016-09-26 08:29:51,bus_off,85cb82626dae8cb8d1c4078d8587ea90,1
661,5c791ed2e2b918462112ae2e68d5db75,323,2016-09-26 07:57:15,bus_on,821ed46eb903b290e00818a7417b5a4b,0
978,5c791ed2e2b918462112ae2e68d5db75,323,2016-09-26 08:29:51,bus_off,821ed46eb903b290e00818a7417b5a4b,1
661,5c791ed2e2b918462112ae2e68d5db75,323,2016-09-26 07:59:42,bus_on,984c4b5578d934b0e313c74d978cddd9,0
978,5c791ed2e2b918462112ae2e68d5db75,323,2016-09-26 08:29:51,bus_off,984c4b5578d934b0e313c74d978cddd9,1
661,5c791ed2e2b918462112ae2e68d5db75,323,2016-09-26 07:50:55,bus_on,99ef51ad772ec136cb4261c43bbcade6,0
978,5c791ed2e2b918462112ae2e68d5db75,323,2016-09-26 08:29:51,bus_off,99ef51ad772ec136cb4261c43bbcade6,1
661,f3f80fff3fb4ebd5e1ec00775e260d28,M435,2016-09-26 07:39:24,bus_on,79a270dacae6cd16ac87ce0c2cf50e13,0
978,f3f80fff3fb4ebd5e1ec00775e260d28,M435,2016-09-26 08:07:51,bus_off,79a270dacae6cd16ac87ce0c2cf50e13,1
661,f3f80fff3fb4ebd5e1ec00775e260d28,M435,2016-09-26 07:42:54,bus_on,b39820db414957cd942b673ade6215e0,0
978,f3f80fff3fb4ebd5e1ec00775e260d28,M435,2016-09-26 08:07:51,bus_off,b39820db414957cd942b673ade6215e0,1
661,bc7edaf1485d880fe477bd1eb9b8c168,327,2016-09-26 07:42:52,bus_on,069599a9b0391844eb10f7b15e948e98,0
978,bc7edaf1485d880fe477bd1eb9b8c168,327,2016-09-26 08:09:29,bus_off,069599a9b0391844eb10f7b15e948e98,1
661,bc7edaf1485d880fe477bd1eb9b8c168,327,2016-09-26 07:38:40,bus_on,6a1d879934f1b6692776cfe92ebe029e,0
978,bc7edaf1485d880fe477bd1eb9b8c168,327,2016-09-26 08:09:29,bus_off,6a1d879934f1b6692776cfe92ebe029e,1
661,c25db2c91171ef1dd62cc36eb5890792,M435,2016-09-26 08:29:39,bus_on,b03e9d818d3abb8b3d6b2d04651f8cf0,0
978,c25db2c91171ef1dd62cc36eb5890792,M435,2016-09-26 09:07:53,bus_off,b03e9d818d3abb8b3d6b2d04651f8cf0,1
661,c25db2c91171ef1dd62cc36eb5890792,M435,2016-09-26 08:29:46,bus_on,04da8b13ab00dfad1345d27b2201fe98,0
978,c25db2c91171ef1dd62cc36eb5890792,M435,2016-09-26 09:07:53,bus_off,04da8b13ab00dfad1345d27b2201fe98,1
661,c25db2c91171ef1dd62cc36eb5890792,M435,2016-09-26 08:34:35,bus_on,acbbdb0a53a0cf9931b04961a7427f8c,0
978,c25db2c91171ef1dd62cc36eb5890792,M435,2016-09-26 09:07:53,bus_off,acbbdb0a53a0cf9931b04961a7427f8c,1
661,c25db2c91171ef1dd62cc36eb5890792,M435,2016-09-26 08:30:37,bus_on,0d9de2524dac02a96bf9226cab579c76,0
978,c25db2c91171ef1dd62cc36eb5890792,M435,2016-09-26 09:07:53,bus_off,0d9de2524dac02a96bf9226cab579c76,1
661,c25db2c91171ef1dd62cc36eb5890792,M435,2016-09-26 08:31:25,bus_on,f78a1502c76a46d4eddbb77fab78c3c0,0
978,c25db2c91171ef1dd62cc36eb5890792,M435,2016-09-26 09:07:53,bus_off,f78a1502c76a46d4eddbb77fab78c3c0,1
661,c4b7dec6cbf2feb0d0a2222602501fd3,323,2016-09-26 08:07:15,bus_on,92d5489440e3e5ed0ba137cc02408806,0
978,c4b7dec6cbf2feb0d0a2222602501fd3,323,2016-09-26 08:44:08,bus_off,92d5489440e3e5ed0ba137cc02408806,1
661,c4b7dec6cbf2feb0d0a2222602501fd3,323,2016-09-26 08:07:25,bus_on,e8512a48e8e9ebb6287ae7c5e97cc551,0
978,c4b7dec6cbf2feb0d0a2222602501fd3,323,2016-09-26 08:44:08,bus_off,e8512a48e8e9ebb6287ae7c5e97cc551,1
661,c4b7dec6cbf2feb0d0a2222602501fd3,323,2016-09-26 08:08:37,bus_on,bb3f7771173a7b80a8be629dd35b5af5,0
978,c4b7dec6cbf2feb0d0a2222602501fd3,323,2016-09-26 08:44:08,bus_off,bb3f7771173a7b80a8be629dd35b5af5,1
661,f2152c5748ee3b3ea546e661c3501788,327,2016-09-26 07:36:05,bus_on,7b70a4526d459697fce12489c0acacd7,0
978,f2152c5748ee3b3ea546e661c3501788,327,2016-09-26 09:22:22,bus_off,7b70a4526d459697fce12489c0acacd7,1
661,f2152c5748ee3b3ea546e661c3501788,327,2016-09-26 07:35:49,bus_on,ab50dd07848dd1b2b14493c0e98efd4e,0
978,f2152c5748ee3b3ea546e661c3501788,327,2016-09-26 09:22:22,bus_off,ab50dd07848dd1b2b14493c0e98efd4e,1
661,f2152c5748ee3b3ea546e661c3501788,327,2016-09-26 07:36:08,bus_on,e1223e2b6c47b366046fe59ab53d0719,0
978,f2152c5748ee3b3ea546e661c3501788,327,2016-09-26 09:22:22,bus_off,e1223e2b6c47b366046fe59ab53d0719,1
661,46fb062c8530fbb283e6d7f875d2bfea,M435,2016-09-26 07:37:07,bus_on,36bb4532ddb935ce1907b3fb53460cac,0
978,46fb062c8530fbb283e6d7f875d2bfea,M435,2016-09-26 08:06:37,bus_off,36bb4532ddb935ce1907b3fb53460cac,1
661,46fb062c8530fbb283e6d7f875d2bfea,M435,2016-09-26 07:34:11,bus_on,2679e9388b58f0a13db8749267ea8cf3,0
978,46fb062c8530fbb283e6d7f875d2bfea,M435,2016-09-26 08:06:37,bus_off,2679e9388b58f0a13db8749267ea8cf3,1
661,98f081dbdd740d72e5f9398a4ea362ea,M435,2016-09-26 06:59:31,bus_on,788902c01a4fa03f9431740d5d02dee7,0
978,98f081dbdd740d72e5f9398a4ea362ea,M435,2016-09-26 07:19:23,bus_off,788902c01a4fa03f9431740d5d02dee7,1
661,98f081dbdd740d72e5f9398a4ea362ea,M435,2016-09-26 07:01:17,bus_on,2981c9a387d35ac24a70d6da28d072d2,0
978,98f081dbdd740d72e5f9398a4ea362ea,M435,2016-09-26 09:19:57,bus_off,2981c9a387d35ac24a70d6da28d072d2,1
661,4e04123fd99e304858327bd6ed2d2dc7,M435,2016-09-26 07:31:31,bus_on,738b6fa8990004e06f4a8dbfbd5f2099,0
978,4e04123fd99e304858327bd6ed2d2dc7,M435,2016-09-26 07:48:53,bus_off,738b6fa8990004e06f4a8dbfbd5f2099,1
661,4e04123fd99e304858327bd6ed2d2dc7,M435,2016-09-26 07:29:22,bus_on,563f3cfd6a8f95ee1007a184f7a283d2,0
978,4e04123fd99e304858327bd6ed2d2dc7,M435,2016-09-26 07:48:53,bus_off,563f3cfd6a8f95ee1007a184f7a283d2,1
661,4e04123fd99e304858327bd6ed2d2dc7,M435,2016-09-26 07:29:01,bus_on,13bc6f8d4604557cba52e766e3ff5f43,0
978,4e04123fd99e304858327bd6ed2d2dc7,M435,2016-09-26 07:48:53,bus_off,13bc6f8d4604557cba52e766e3ff5f43,1
661,4e04123fd99e304858327bd6ed2d2dc7,M435,2016-09-26 07:32:45,bus_on,323765cd44c4968e9af38b9dfb2caa23,0
978,4e04123fd99e304858327bd6ed2d2dc7,M435,2016-09-26 07:48:53,bus_off,323765cd44c4968e9af38b9dfb2caa23,1
661,4e04123fd99e304858327bd6ed2d2dc7,M435,2016-09-26 07:29:56,bus_on,1d36759c74a80e0e9d350d75f59f8bc8,0
978,4e04123fd99e304858327bd6ed2d2dc7,M435,2016-09-26 07:48:53,bus_off,1d36759c74a80e0e9d350d75f59f8bc8,1
661,e0d27681ff88fecd428620df24faee14,M435,2016-09-26 08:00:52,bus_on,cbd1a2227651df964ad21f0408fc7dde,0
978,e0d27681ff88fecd428620df24faee14,M435,2016-09-26 08:41:45,bus_off,cbd1a2227651df964ad21f0408fc7dde,1
661,e0d27681ff88fecd428620df24faee14,M435,2016-09-26 08:01:08,bus_on,9fc4f2576b73c002f65f2a826a8ad01d,0
978,e0d27681ff88fecd428620df24faee14,M435,2016-09-26 08:37:37,bus_off,9fc4f2576b73c002f65f2a826a8ad01d,1
661,e0d27681ff88fecd428620df24faee14,M435,2016-09-26 08:07:21,bus_on,272c6c9d41ffd6e4e93fc3d83a2887e5,0
978,e0d27681ff88fecd428620df24faee14,M435,2016-09-26 08:41:45,bus_off,272c6c9d41ffd6e4e93fc3d83a2887e5,1
661,7ecd1bb5729b839160958e7a793417f9,观光一线,2016-09-26 08:30:37,bus_on,fb4e032c55b534f853b37d57a6a24e28,0
978,7ecd1bb5729b839160958e7a793417f9,观光一线,2016-09-26 09:03:44,bus_off,fb4e032c55b534f853b37d57a6a24e28,1
661,7ecd1bb5729b839160958e7a793417f9,观光一线,2016-09-26 08:30:19,bus_on,d4eb18a968403610a7ccd92370c10104,0
978,7ecd1bb5729b839160958e7a793417f9,观光一线,2016-09-26 09:03:44,bus_off,d4eb18a968403610a7ccd92370c10104,1
661,7ecd1bb5729b839160958e7a793417f9,观光一线,2016-09-26 08:37:33,bus_on,a2309cb61f7090ed76afc7d3a5398a1b,0
978,7ecd1bb5729b839160958e7a793417f9,观光一线,2016-09-26 09:03:44,bus_off,a2309cb61f7090ed76afc7d3a5398a1b,1
661,7ecd1bb5729b839160958e7a793417f9,观光一线,2016-09-26 08:36:06,bus_on,7d22b70769b555f44e6233544004ae9f,0
978,7ecd1bb5729b839160958e7a793417f9,观光一线,2016-09-26 09:03:44,bus_off,7d22b70769b555f44e6233544004ae9f,1
661,7ecd1bb5729b839160958e7a793417f9,观光一线,2016-09-26 08:31:40,bus_on,8345a44b880a58333b6d77b2f234d180,0
978,7ecd1bb5729b839160958e7a793417f9,观光一线,2016-09-26 09:03:44,bus_off,8345a44b880a58333b6d77b2f234d180,1
661,7ecd1bb5729b839160958e7a793417f9,观光一线,2016-09-26 08:30:17,bus_on,dcc6cf97c96f12b3b9c1ba69d888f2ba,0
978,7ecd1bb5729b839160958e7a793417f9,观光一线,2016-09-26 09:03:44,bus_off,dcc6cf97c96f12b3b9c1ba69d888f2ba,1
661,7ecd1bb5729b839160958e7a793417f9,观光一线,2016-09-26 08:31:16,bus_on,35ef503374b2a631234d17c8c018bae9,0
978,7ecd1bb5729b839160958e7a793417f9,观光一线,2016-09-26 09:03:44,bus_off,35ef503374b2a631234d17c8c018bae9,1
661,7ecd1bb5729b839160958e7a793417f9,观光一线,2016-09-26 08:30:38,bus_on,c1718c54fb43a23e9e24530b14f00a5f,0
978,7ecd1bb5729b839160958e7a793417f9,观光一线,2016-09-26 09:03:44,bus_off,c1718c54fb43a23e9e24530b14f00a5f,1
661,7ecd1bb5729b839160958e7a793417f9,观光一线,2016-09-26 08:38:05,bus_on,d29945b1bdd9f2cd53d9a5de3f396732,0
978,7ecd1bb5729b839160958e7a793417f9,观光一线,2016-09-26 09:03:44,bus_off,d29945b1bdd9f2cd53d9a5de3f396732,1
661,7ecd1bb5729b839160958e7a793417f9,观光一线,2016-09-26 08:30:11,bus_on,67fbc989aec098a68d2db7c630bf1f0d,0
978,7ecd1bb5729b839160958e7a793417f9,观光一线,2016-09-26 09:03:44,bus_off,67fbc989aec098a68d2db7c630bf1f0d,1
661,7ecd1bb5729b839160958e7a793417f9,观光一线,2016-09-26 08:32:11,bus_on,12eaccdcc07b859d08025ec2b7b6b663,0
978,7ecd1bb5729b839160958e7a793417f9,观光一线,2016-09-26 09:03:44,bus_off,12eaccdcc07b859d08025ec2b7b6b663,1
661,7ecd1bb5729b839160958e7a793417f9,观光一线,2016-09-26 08:29:41,bus_on,48b9096ded9bdccb969f628e4196a695,0
978,7ecd1bb5729b839160958e7a793417f9,观光一线,2016-09-26 09:03:44,bus_off,48b9096ded9bdccb969f628e4196a695,1
661,7ecd1bb5729b839160958e7a793417f9,观光一线,2016-09-26 08:32:40,bus_on,bb3e9f4c49266823e009d24561e05fff,0
978,7ecd1bb5729b839160958e7a793417f9,观光一线,2016-09-26 09:03:44,bus_off,bb3e9f4c49266823e009d24561e05fff,1
661,1a6427a15514e5e5432e24e3623dc160,观光一线,2016-09-26 07:43:32,bus_on,037607d3be318376ffb0cc6c78db99c4,0
978,1a6427a15514e5e5432e24e3623dc160,观光一线,2016-09-26 08:22:05,bus_off,037607d3be318376ffb0cc6c78db99c4,1
661,c1b1e47e2b00d8ae1b23a489c746e04c,327,2016-09-26 06:29:01,bus_on,6e942ac8aab09d1aa4ce72b3942ad7e8,0
978,c1b1e47e2b00d8ae1b23a489c746e04c,327,2016-09-26 07:58:20,bus_off,6e942ac8aab09d1aa4ce72b3942ad7e8,1
661,fc1c89cb52228af95d675f856a67439f,327,2016-09-26 07:17:59,bus_on,762bced19f1b5ff5a1fc1154ea834ce6,0
978,fc1c89cb52228af95d675f856a67439f,327,2016-09-26 07:41:40,bus_off,762bced19f1b5ff5a1fc1154ea834ce6,1
661,1c1b53e95e9ef8d419daad897d6e4f73,观光一线,2016-09-26 08:16:59,bus_on,0073bf07f6ec13aa9f3fa6a8281d3c81,0
978,1c1b53e95e9ef8d419daad897d6e4f73,观光一线,2016-09-26 08:49:10,bus_off,0073bf07f6ec13aa9f3fa6a8281d3c81,1
661,1c1b53e95e9ef8d419daad897d6e4f73,观光一线,2016-09-26 08:14:38,bus_on,b6549ca0edff6f61f346b74b33ade14d,0
978,1c1b53e95e9ef8d419daad897d6e4f73,观光一线,2016-09-26 08:49:10,bus_off,b6549ca0edff6f61f346b74b33ade14d,1
661,1c1b53e95e9ef8d419daad897d6e4f73,观光一线,2016-09-26 08:13:56,bus_on,11b52ca3fd497ce0dda9c36b83e4bca1,0
978,1c1b53e95e9ef8d419daad897d6e4f73,观光一线,2016-09-26 08:49:10,bus_off,11b52ca3fd497ce0dda9c36b83e4bca1,1
661,1c1b53e95e9ef8d419daad897d6e4f73,观光一线,2016-09-26 08:11:14,bus_on,8071eee1c00f2c8aaa9a883621916c58,0
978,1c1b53e95e9ef8d419daad897d6e4f73,观光一线,2016-09-26 08:49:10,bus_off,8071eee1c00f2c8aaa9a883621916c58,1
661,1c1b53e95e9ef8d419daad897d6e4f73,观光一线,2016-09-26 08:13:48,bus_on,ca6b50d5acc7713552ed8f85cc82b099,0
751,1c1b53e95e9ef8d419daad897d6e4f73,观光一线,2016-09-26 08:19:13,bus_off,ca6b50d5acc7713552ed8f85cc82b099,1
978,3e6329fd5f79a1a905e2e32f57f7ae77,M474,2016-09-26 08:51:00,bus_on,ca6b50d5acc7713552ed8f85cc82b099,2
978,3e6329fd5f79a1a905e2e32f57f7ae77,M474,2016-09-26 08:57:41,bus_off,ca6b50d5acc7713552ed8f85cc82b099,3
661,1c1b53e95e9ef8d419daad897d6e4f73,观光一线,2016-09-26 08:10:38,bus_on,f11806e0d17297122503699df4dbb622,0
978,1c1b53e95e9ef8d419daad897d6e4f73,观光一线,2016-09-26 08:49:10,bus_off,f11806e0d17297122503699df4dbb622,1
661,1c1b53e95e9ef8d419daad897d6e4f73,观光一线,2016-09-26 08:09:57,bus_on,5d99d03f96c396c651e787dee9e4a5f9,0
978,1c1b53e95e9ef8d419daad897d6e4f73,观光一线,2016-09-26 08:49:10,bus_off,5d99d03f96c396c651e787dee9e4a5f9,1
661,1c1b53e95e9ef8d419daad897d6e4f73,观光一线,2016-09-26 08:12:19,bus_on,0cd528861743e82ac9b3181b3e4a090d,0
978,1c1b53e95e9ef8d419daad897d6e4f73,观光一线,2016-09-26 08:49:10,bus_off,0cd528861743e82ac9b3181b3e4a090d,1
661,1c1b53e95e9ef8d419daad897d6e4f73,观光一线,2016-09-26 08:14:30,bus_on,0acf76696776cac9d9a88dbaa597b781,0
978,1c1b53e95e9ef8d419daad897d6e4f73,观光一线,2016-09-26 08:49:10,bus_off,0acf76696776cac9d9a88dbaa597b781,1
661,1c1b53e95e9ef8d419daad897d6e4f73,观光一线,2016-09-26 08:10:41,bus_on,647fc46f9d57ffc73b7fce5736891720,0
978,1c1b53e95e9ef8d419daad897d6e4f73,观光一线,2016-09-26 08:49:10,bus_off,647fc46f9d57ffc73b7fce5736891720,1
661,494ab9a7cb55f680a972eb6e9df416f0,323,2016-09-26 07:46:13,bus_on,08f5cb59de389f52537772763c260269,0
978,494ab9a7cb55f680a972eb6e9df416f0,323,2016-09-26 08:21:07,bus_off,08f5cb59de389f52537772763c260269,1
661,494ab9a7cb55f680a972eb6e9df416f0,323,2016-09-26 07:47:38,bus_on,677f251db5a9c1e8af89806da1b4aaff,0
978,494ab9a7cb55f680a972eb6e9df416f0,323,2016-09-26 08:21:07,bus_off,677f251db5a9c1e8af89806da1b4aaff,1
661,494ab9a7cb55f680a972eb6e9df416f0,323,2016-09-26 07:48:17,bus_on,227d9fbf33a719669d3e7bcfd589fe82,0
978,494ab9a7cb55f680a972eb6e9df416f0,323,2016-09-26 08:21:07,bus_off,227d9fbf33a719669d3e7bcfd589fe82,1
661,494ab9a7cb55f680a972eb6e9df416f0,323,2016-09-26 07:48:46,bus_on,94d9f4367253042a1e76201458a42686,0
978,494ab9a7cb55f680a972eb6e9df416f0,323,2016-09-26 08:21:07,bus_off,94d9f4367253042a1e76201458a42686,1
661,83c4864cc5f49838c6e112fef014ebe5,327,2016-09-26 08:29:44,bus_on,cff00686a38e30c4e0317bc0dbdf0221,0
978,83c4864cc5f49838c6e112fef014ebe5,327,2016-09-26 09:04:11,bus_off,cff00686a38e30c4e0317bc0dbdf0221,1
661,83c4864cc5f49838c6e112fef014ebe5,327,2016-09-26 08:32:26,bus_on,562e25c3f9e57d6586cc872451661bbf,0
978,83c4864cc5f49838c6e112fef014ebe5,327,2016-09-26 09:04:11,bus_off,562e25c3f9e57d6586cc872451661bbf,1
661,83c4864cc5f49838c6e112fef014ebe5,327,2016-09-26 08:25:42,bus_on,a326ed80a6a822bbf7b09e2ac26ea77d,0
978,83c4864cc5f49838c6e112fef014ebe5,327,2016-09-26 09:04:11,bus_off,a326ed80a6a822bbf7b09e2ac26ea77d,1
661,83c4864cc5f49838c6e112fef014ebe5,327,2016-09-26 08:29:17,bus_on,570ca76af2b557df2f47afbff3a38658,0
978,83c4864cc5f49838c6e112fef014ebe5,327,2016-09-26 09:04:11,bus_off,570ca76af2b557df2f47afbff3a38658,1
661,83c4864cc5f49838c6e112fef014ebe5,327,2016-09-26 08:32:43,bus_on,de569810fd7e2c7a71a5ad9535ae8cdc,0
978,83c4864cc5f49838c6e112fef014ebe5,327,2016-09-26 09:04:11,bus_off,de569810fd7e2c7a71a5ad9535ae8cdc,1
661,83c4864cc5f49838c6e112fef014ebe5,327,2016-09-26 08:25:35,bus_on,7c0843be50b3e847cbf048041b6ec9d1,0
978,83c4864cc5f49838c6e112fef014ebe5,327,2016-09-26 09:04:11,bus_off,7c0843be50b3e847cbf048041b6ec9d1,1
661,4536a47b3bbce474c549d636b954331e,327,2016-09-26 08:03:44,bus_on,e2f178f3beda7ea546fdf97271775fc9,0
978,4536a47b3bbce474c549d636b954331e,327,2016-09-26 08:47:07,bus_off,e2f178f3beda7ea546fdf97271775fc9,1
661,4536a47b3bbce474c549d636b954331e,327,2016-09-26 08:09:43,bus_on,a9dd430de3781c6fd75b23c1c5783c89,0
978,4536a47b3bbce474c549d636b954331e,327,2016-09-26 08:47:07,bus_off,a9dd430de3781c6fd75b23c1c5783c89,1
661,4536a47b3bbce474c549d636b954331e,327,2016-09-26 08:07:27,bus_on,96d24621aa826b0a7a0b9a6f5905fcac,0
978,4536a47b3bbce474c549d636b954331e,327,2016-09-26 08:47:07,bus_off,96d24621aa826b0a7a0b9a6f5905fcac,1
661,4536a47b3bbce474c549d636b954331e,327,2016-09-26 08:07:22,bus_on,b4763f54a2c92544de6cfb820849a855,0
978,4536a47b3bbce474c549d636b954331e,327,2016-09-26 08:47:07,bus_off,b4763f54a2c92544de6cfb820849a855,1
661,4536a47b3bbce474c549d636b954331e,327,2016-09-26 08:09:47,bus_on,56e181e4399b90b5aafafc660bfa2d94,0
978,4536a47b3bbce474c549d636b954331e,327,2016-09-26 08:49:09,bus_off,56e181e4399b90b5aafafc660bfa2d94,1
661,0fb04d5ca49954cd14777201d10a1a9a,327,2016-09-26 07:00:26,bus_on,97619a8c6e7c57624577db2b83d27a45,0
978,0fb04d5ca49954cd14777201d10a1a9a,327,2016-09-26 08:34:52,bus_off,97619a8c6e7c57624577db2b83d27a45,1
661,5c94058b0377c2ef4652a007e4052a56,327,2016-09-26 07:55:38,bus_on,ac74f211b19948a50dfca38b85c2808e,0
978,5c94058b0377c2ef4652a007e4052a56,327,2016-09-26 09:43:58,bus_off,ac74f211b19948a50dfca38b85c2808e,1
661,5c94058b0377c2ef4652a007e4052a56,327,2016-09-26 07:59:01,bus_on,d9166875d5e5dfc1f7660b425ea02681,0
978,5c94058b0377c2ef4652a007e4052a56,327,2016-09-26 09:43:58,bus_off,d9166875d5e5dfc1f7660b425ea02681,1
661,5c94058b0377c2ef4652a007e4052a56,327,2016-09-26 07:58:22,bus_on,9d35107010d69e7521983126fa4121a6,0
978,5c94058b0377c2ef4652a007e4052a56,327,2016-09-26 09:43:58,bus_off,9d35107010d69e7521983126fa4121a6,1
661,5c94058b0377c2ef4652a007e4052a56,327,2016-09-26 08:00:14,bus_on,0a3963d34a4d078d07a1edf288b29b4e,0
978,5c94058b0377c2ef4652a007e4052a56,327,2016-09-26 09:43:58,bus_off,0a3963d34a4d078d07a1edf288b29b4e,1
661,5c94058b0377c2ef4652a007e4052a56,327,2016-09-26 07:53:42,bus_on,cf18d55b49f396f03d1d154ceff2d31d,0
978,5c94058b0377c2ef4652a007e4052a56,327,2016-09-26 09:43:58,bus_off,cf18d55b49f396f03d1d154ceff2d31d,1
661,5c94058b0377c2ef4652a007e4052a56,327,2016-09-26 07:58:10,bus_on,0e062558e521566c6f92ada792f75917,0
978,5c94058b0377c2ef4652a007e4052a56,327,2016-09-26 09:43:58,bus_off,0e062558e521566c6f92ada792f75917,1
661,0a11ec33db08336248fbebfee6e242ae,M435,2016-09-26 08:03:57,bus_on,9152674e9c42059444748dcdf85af4bb,0
978,0a11ec33db08336248fbebfee6e242ae,M435,2016-09-26 08:43:56,bus_off,9152674e9c42059444748dcdf85af4bb,1
661,0a11ec33db08336248fbebfee6e242ae,M435,2016-09-26 08:01:50,bus_on,4564bc3892cd7be79a271be401c8de5e,0
978,0a11ec33db08336248fbebfee6e242ae,M435,2016-09-26 08:43:56,bus_off,4564bc3892cd7be79a271be401c8de5e,1
661,763faaeb15b04449ff116d964c168fe9,327,2016-09-26 07:45:18,bus_on,c552574fa5851c2a57ab29b8bcfd9b97,0
978,763faaeb15b04449ff116d964c168fe9,327,2016-09-26 09:32:20,bus_off,c552574fa5851c2a57ab29b8bcfd9b97,1
661,763faaeb15b04449ff116d964c168fe9,327,2016-09-26 07:43:53,bus_on,eda6534be27ca4a98fb6b2b6c61c2e20,0
978,763faaeb15b04449ff116d964c168fe9,327,2016-09-26 09:32:20,bus_off,eda6534be27ca4a98fb6b2b6c61c2e20,1
661,763faaeb15b04449ff116d964c168fe9,327,2016-09-26 07:43:04,bus_on,b4ba7773b2d81f292b676b43a26164fd,0
978,763faaeb15b04449ff116d964c168fe9,327,2016-09-26 09:32:20,bus_off,b4ba7773b2d81f292b676b43a26164fd,1
661,763faaeb15b04449ff116d964c168fe9,327,2016-09-26 07:43:17,bus_on,75056d086fba2c713c1f7c8de8f8c63a,0
978,763faaeb15b04449ff116d964c168fe9,327,2016-09-26 09:32:20,bus_off,75056d086fba2c713c1f7c8de8f8c63a,1
661,763faaeb15b04449ff116d964c168fe9,327,2016-09-26 07:41:04,bus_on,44f2e5285cf746707e6eb8fe44f73694,0
978,763faaeb15b04449ff116d964c168fe9,327,2016-09-26 09:32:20,bus_off,44f2e5285cf746707e6eb8fe44f73694,1
661,70ba66a15e9777f2431bb6d88a9a0188,327,2016-09-26 06:46:43,bus_on,f2b790d052b1756dcfead676d9cea247,0
978,70ba66a15e9777f2431bb6d88a9a0188,327,2016-09-26 08:26:33,bus_off,f2b790d052b1756dcfead676d9cea247,1
661,70ba66a15e9777f2431bb6d88a9a0188,327,2016-09-26 06:43:11,bus_on,3b695eba0f8a65ca0a9ed7abb6316e79,0
978,70ba66a15e9777f2431bb6d88a9a0188,327,2016-09-26 08:26:33,bus_off,3b695eba0f8a65ca0a9ed7abb6316e79,1
661,25592a45211184249bebe4cbc7be2f1b,观光一线,2016-09-26 07:35:19,bus_on,a4b0406c0a3ea599e8d13b188faa0c20,0
978,25592a45211184249bebe4cbc7be2f1b,观光一线,2016-09-26 07:52:30,bus_off,a4b0406c0a3ea599e8d13b188faa0c20,1
661,25592a45211184249bebe4cbc7be2f1b,观光一线,2016-09-26 07:35:57,bus_on,50bc5c5ec1590f9af82a997b15bdb59e,0
978,25592a45211184249bebe4cbc7be2f1b,观光一线,2016-09-26 07:52:30,bus_off,50bc5c5ec1590f9af82a997b15bdb59e,1
661,25592a45211184249bebe4cbc7be2f1b,观光一线,2016-09-26 07:26:46,bus_on,dbff531a18954143fdedefe7cdd2d7a7,0
978,25592a45211184249bebe4cbc7be2f1b,观光一线,2016-09-26 07:52:30,bus_off,dbff531a18954143fdedefe7cdd2d7a7,1
661,25592a45211184249bebe4cbc7be2f1b,观光一线,2016-09-26 07:37:44,bus_on,ec1333cfd8b43cf56cbcb147efaaab5c,0
978,25592a45211184249bebe4cbc7be2f1b,观光一线,2016-09-26 07:52:30,bus_off,ec1333cfd8b43cf56cbcb147efaaab5c,1
661,25592a45211184249bebe4cbc7be2f1b,观光一线,2016-09-26 07:28:51,bus_on,e7d72ac69efdd37a884f101bf192a19f,0
978,25592a45211184249bebe4cbc7be2f1b,观光一线,2016-09-26 07:52:30,bus_off,e7d72ac69efdd37a884f101bf192a19f,1
661,25592a45211184249bebe4cbc7be2f1b,观光一线,2016-09-26 07:22:37,bus_on,51ab7da649cb82456d9d158dff4a12e5,0
978,25592a45211184249bebe4cbc7be2f1b,观光一线,2016-09-26 07:52:30,bus_off,51ab7da649cb82456d9d158dff4a12e5,1
