grid_id,key,route,time,type,card,stage
1359,11a3b9066b5c8b2a5223a9b0d2b84af7,龙华,2016-11-11 08:14:36,subway_on,5768df614d139dead882dd14907c0c84,0
1530,b2e16a3a717e97095fc84b7714b523b1,会展中心站,2016-11-11 08:47:25,subway_off,5768df614d139dead882dd14907c0c84,1
1359,11a3b9066b5c8b2a5223a9b0d2b84af7,龙华,2016-11-11 08:09:44,subway_on,fc47066a3658c7eb437ce352a2df1484,0
1530,b2e16a3a717e97095fc84b7714b523b1,会展中心站,2016-11-11 08:49:18,subway_off,fc47066a3658c7eb437ce352a2df1484,1
1359,11a3b9066b5c8b2a5223a9b0d2b84af7,龙华,2016-11-11 07:59:28,subway_on,8b97a1f9dcebe2478dac2563bc1a9bbc,0
1530,b2e16a3a717e97095fc84b7714b523b1,会展中心站,2016-11-11 08:36:24,subway_off,8b97a1f9dcebe2478dac2563bc1a9bbc,1
1359,11a3b9066b5c8b2a5223a9b0d2b84af7,龙华,2016-11-11 08:22:36,subway_on,40cd048767674b4f59525b826ec8a959,0
1530,b2e16a3a717e97095fc84b7714b523b1,会展中心站,2016-11-11 08:57:13,subway_off,40cd048767674b4f59525b826ec8a959,1
1359,11a3b9066b5c8b2a5223a9b0d2b84af7,龙华,2016-11-11 07:41:16,subway_on,50ee88bad9f2c7228fdc228064c12b5c,0
1530,b2e16a3a717e97095fc84b7714b523b1,会展中心站,2016-11-11 08:13:20,subway_off,50ee88bad9f2c7228fdc228064c12b5c,1
1359,11a3b9066b5c8b2a5223a9b0d2b84af7,龙华,2016-11-11 07:28:26,subway_on,6bf52449cdc3082ceae7592736c82440,0
1530,b2e16a3a717e97095fc84b7714b523b1,会展中心站,2016-11-11 08:03:09,subway_off,6bf52449cdc3082ceae7592736c82440,1
1359,11a3b9066b5c8b2a5223a9b0d2b84af7,龙华,2016-11-11 07:58:40,subway_on,4bec5f6d0f593ffa584ffcfdb1290718,0
1530,b2e16a3a717e97095fc84b7714b523b1,会展中心站,2016-11-11 08:33:40,subway_off,4bec5f6d0f593ffa584ffcfdb1290718,1
1530,b2e16a3a717e97095fc84b7714b523b1,会展中心站,2016-11-11 08:57:04,subway_on,4bec5f6d0f593ffa584ffcfdb1290718,2
1359,11a3b9066b5c8b2a5223a9b0d2b84af7,龙华,2016-11-11 08:02:34,subway_on,8ed666360398bd7509557274d44ceec5,0
1530,b2e16a3a717e97095fc84b7714b523b1,会展中心站,2016-11-11 08:39:14,subway_off,8ed666360398bd7509557274d44ceec5,1
1359,11a3b9066b5c8b2a5223a9b0d2b84af7,龙华,2016-11-11 08:05:38,subway_on,62ed49c98d3019151e6d89bc00781cff,0
1530,b2e16a3a717e97095fc84b7714b523b1,会展中心站,2016-11-11 08:38:02,subway_off,62ed49c98d3019151e6d89bc00781cff,1
1359,11a3b9066b5c8b2a5223a9b0d2b84af7,龙华,2016-11-11 07:47:08,subway_on,957e03c0aa5f767f76d2a2f36d28c6b0,0
1530,b2e16a3a717e97095fc84b7714b523b1,会展中心站,2016-11-11 08:23:45,subway_off,957e03c0aa5f767f76d2a2f36d28c6b0,1
1359,11a3b9066b5c8b2a5223a9b0d2b84af7,龙华,2016-11-11 08:09:34,subway_on,0519231837f3630efa4679c99f6f3250,0
1530,b2e16a3a717e97095fc84b7714b523b1,会展中心站,2016-11-11 08:49:01,subway_off,0519231837f3630efa4679c99f6f3250,1
1359,11a3b9066b5c8b2a5223a9b0d2b84af7,龙华,2016-11-11 07:50:24,subway_on,9d6112b4a89c922ad5233f77c4e0b2a0,0
1530,125bdba3df68377af1aa70a5e80b23eb,购物公园站,2016-11-11 08:25:21,subway_off,9d6112b4a89c922ad5233f77c4e0b2a0,1
1359,11a3b9066b5c8b2a5223a9b0d2b84af7,龙华,2016-11-11 07:33:18,subway_on,c5dd06c84c82cf7b6980faf94111b23c,0
1530,b2e16a3a717e97095fc84b7714b523b1,会展中心站,2016-11-11 08:05:30,subway_off,c5dd06c84c82cf7b6980faf94111b23c,1
1359,11a3b9066b5c8b2a5223a9b0d2b84af7,龙华,2016-11-11 07:58:20,subway_on,813ec03d8099c028d233702cc87806e2,0
1530,b2e16a3a717e97095fc84b7714b523b1,会展中心站,2016-11-11 08:38:30,subway_off,813ec03d8099c028d233702cc87806e2,1
1359,11a3b9066b5c8b2a5223a9b0d2b84af7,龙华,2016-11-11 07:38:44,subway_on,ba671c3b1f72163660c53ea2f60a19ba,0
1530,b2e16a3a717e97095fc84b7714b523b1,会展中心站,2016-11-11 08:16:33,subway_off,ba671c3b1f72163660c53ea2f60a19ba,1
1359,11a3b9066b5c8b2a5223a9b0d2b84af7,龙华,2016-11-11 08:12:10,subway_on,934c05edf8130f5a56e6ce6d7013d4d8,0
1530,b2e16a3a717e97095fc84b7714b523b1,会展中心站,2016-11-11 08:48:23,subway_off,934c05edf8130f5a56e6ce6d7013d4d8,1
1359,11a3b9066b5c8b2a5223a9b0d2b84af7,龙华,2016-11-11 07:23:02,subway_on,9f4f06a4b5d65c7abbd8b4191c8d0958,0
1530,b2e16a3a717e97095fc84b7714b523b1,会展中心站,2016-11-11 07:52:41,subway_off,9f4f06a4b5d65c7abbd8b4191c8d0958,1
1359,11a3b9066b5c8b2a5223a9b0d2b84af7,龙华,2016-11-11 08:13:10,subway_on,4207d3ed5806754da3cbf53a44ced052,0
1530,b2e16a3a717e97095fc84b7714b523b1,会展中心站,2016-11-11 08:48:14,subway_off,4207d3ed5806754da3cbf53a44ced052,1
1359,11a3b9066b5c8b2a5223a9b0d2b84af7,龙华,2016-11-11 08:09:42,subway_on,199d8d72d85e192b21b8c22cf70a3056,0
1530,b2e16a3a717e97095fc84b7714b523b1,会展中心站,2016-11-11 08:48:26,subway_off,199d8d72d85e192b21b8c22cf70a3056,1
1359,11a3b9066b5c8b2a5223a9b0d2b84af7,龙华,2016-11-11 07:55:46,subway_on,3f9a97a3c2d4d51dcac4d50084111e1f,0
1530,b2e16a3a717e97095fc84b7714b523b1,会展中心站,2016-11-11 08:32:18,subway_off,3f9a97a3c2d4d51dcac4d50084111e1f,1
1359,11a3b9066b5c8b2a5223a9b0d2b84af7,龙华,2016-11-11 07:55:12,subway_on,7a9282e151b146cc5160b8ada82cd46a,0
1530,b2e16a3a717e97095fc84b7714b523b1,会展中心站,2016-11-11 08:39:27,subway_off,7a9282e151b146cc5160b8ada82cd46a,1
1359,11a3b9066b5c8b2a5223a9b0d2b84af7,龙华,2016-11-11 08:04:04,subway_on,9bc72162ac801fcb5c5285e05ec8e0aa,0
1530,b2e16a3a717e97095fc84b7714b523b1,会展中心站,2016-11-11 08:38:52,subway_off,9bc72162ac801fcb5c5285e05ec8e0aa,1
1359,11a3b9066b5c8b2a5223a9b0d2b84af7,龙华,2016-11-11 07:40:14,subway_on,e2f891fa554da79f33e2470fca3632a1,0
1530,b2e16a3a717e97095fc84b7714b523b1,会展中心站,2016-11-11 08:13:29,subway_off,e2f891fa554da79f33e2470fca3632a1,1
1359,11a3b9066b5c8b2a5223a9b0d2b84af7,龙华,2016-11-11 07:54:58,subway_on,106d8a8fdfc549c5e50bddddda4b589a,0
1530,b2e16a3a717e97095fc84b7714b523b1,会展中心站,2016-11-11 08:29:21,subway_off,106d8a8fdfc549c5e50bddddda4b589a,1
1359,11a3b9066b5c8b2a5223a9b0d2b84af7,龙华,2016-11-11 08:06:06,subway_on,0421d287bc391c7076d041f076290fea,0
1530,b2e16a3a717e97095fc84b7714b523b1,会展中心站,2016-11-11 08:39:43,subway_off,0421d287bc391c7076d041f076290fea,1
1359,11a3b9066b5c8b2a5223a9b0d2b84af7,龙华,2016-11-11 07:31:22,subway_on,2498cec098b880f6db456565c00df740,0
1530,b2e16a3a717e97095fc84b7714b523b1,会展中心站,2016-11-11 08:03:27,subway_off,2498cec098b880f6db456565c00df740,1
1359,11a3b9066b5c8b2a5223a9b0d2b84af7,龙华,2016-11-11 08:09:24,subway_on,7c1e6782d77518d115152a24ce27b5fa,0
1530,b2e16a3a717e97095fc84b7714b523b1,会展中心站,2016-11-11 08:43:49,subway_off,7c1e6782d77518d115152a24ce27b5fa,1
1359,11a3b9066b5c8b2a5223a9b0d2b84af7,龙华,2016-11-11 08:16:58,subway_on,a2b19c7cc30e46a9277bfc1a70e1cb89,0
1530,b2e16a3a717e97095fc84b7714b523b1,会展中心站,2016-11-11 08:48:10,subway_off,a2b19c7cc30e46a9277bfc1a70e1cb89,1
1359,11a3b9066b5c8b2a5223a9b0d2b84af7,龙华,2016-11-11 08:09:52,subway_on,385905b842944f21cb2464867e4fdc05,0
1530,b2e16a3a717e97095fc84b7714b523b1,会展中心站,2016-11-11 08:47:47,subway_off,385905b842944f21cb2464867e4fdc05,1
1359,11a3b9066b5c8b2a5223a9b0d2b84af7,龙华,2016-11-11 08:11:08,subway_on,c57b343a4d76c4c853fdded38feb2cf2,0
1530,b2e16a3a717e97095fc84b7714b523b1,会展中心站,2016-11-11 08:43:10,subway_off,c57b343a4d76c4c853fdded38feb2cf2,1
1359,11a3b9066b5c8b2a5223a9b0d2b84af7,龙华,2016-11-11 08:06:38,subway_on,2dba00dfd7fd7ef433c81708d5f9c899,0
1530,125bdba3df68377af1aa70a5e80b23eb,购物公园站,2016-11-11 08:49:20,subway_off,2dba00dfd7fd7ef433c81708d5f9c899,1
1359,11a3b9066b5c8b2a5223a9b0d2b84af7,龙华,2016-11-11 08:21:28,subway_on,f68164856ec3a136cb45f283443094ca,0
1530,b2e16a3a717e97095fc84b7714b523b1,会展中心站,2016-11-11 08:52:37,subway_off,f68164856ec3a136cb45f283443094ca,1
1359,11a3b9066b5c8b2a5223a9b0d2b84af7,龙华,2016-11-11 07:54:12,subway_on,7289bf06b33a493d72eb13e2dfb3829a,0
1530,125bdba3df68377af1aa70a5e80b23eb,购物公园站,2016-11-11 08:43:09,subway_off,7289bf06b33a493d72eb13e2dfb3829a,1
1359,11a3b9066b5c8b2a5223a9b0d2b84af7,龙华,2016-11-11 08:04:40,subway_on,eff826662013bd951ece5bd304d96265,0
1530,b2e16a3a717e97095fc84b7714b523b1,会展中心站,2016-11-11 08:43:38,subway_off,eff826662013bd951ece5bd304d96265,1
1359,11a3b9066b5c8b2a5223a9b0d2b84af7,龙华,2016-11-11 07:34:42,subway_on,e94de8f362a135f80bdf65000d84245f,0
1530,b2e16a3a717e97095fc84b7714b523b1,会展中心站,2016-11-11 08:15:58,subway_off,e94de8f362a135f80bdf65000d84245f,1
1359,11a3b9066b5c8b2a5223a9b0d2b84af7,龙华,2016-11-11 08:26:32,subway_on,ec325908e39d166c5bd92c0ad3b2ace6,0
1530,b2e16a3a717e97095fc84b7714b523b1,会展中心站,2016-11-11 08:56:39,subway_off,ec325908e39d166c5bd92c0ad3b2ace6,1
1359,11a3b9066b5c8b2a5223a9b0d2b84af7,龙华,2016-11-11 07:53:18,subway_on,d07a2981ca942656787600840b8e71fb,0
1530,b2e16a3a717e97095fc84b7714b523b1,会展中心站,2016-11-11 08:27:50,subway_off,d07a2981ca942656787600840b8e71fb,1
1530,125bdba3df68377af1aa70a5e80b23eb,购物公园站,2016-11-11 08:57:11,subway_on,d07a2981ca942656787600840b8e71fb,2
1359,11a3b9066b5c8b2a5223a9b0d2b84af7,龙华,2016-11-11 07:29:12,subway_on,13112b75af967a72d04771c6fa077e1f,0
1530,b2e16a3a717e97095fc84b7714b523b1,会展中心站,2016-11-11 08:13:36,subway_off,13112b75af967a72d04771c6fa077e1f,1
1359,11a3b9066b5c8b2a5223a9b0d2b84af7,龙华,2016-11-11 07:45:26,subway_on,e4bc79cf54e00459f50b6a79915df2ca,0
1530,b2e16a3a717e97095fc84b7714b523b1,会展中心站,2016-11-11 08:16:34,subway_off,e4bc79cf54e00459f50b6a79915df2ca,1
1359,11a3b9066b5c8b2a5223a9b0d2b84af7,龙华,2016-11-11 07:31:06,subway_on,48a6d6a67894bedadab7ae270598aa08,0
1530,b2e16a3a717e97095fc84b7714b523b1,会展中心站,2016-11-11 08:02:44,subway_off,48a6d6a67894bedadab7ae270598aa08,1
1359,11a3b9066b5c8b2a5223a9b0d2b84af7,龙华,2016-11-11 07:30:40,subway_on,5cc2d30168a0c415dda401f5909c08f7,0
1530,4eaec217c86da058c10bc1bb7a6a1683,购物公园,2016-11-11 08:30:36,subway_off,5cc2d30168a0c415dda401f5909c08f7,1
1359,11a3b9066b5c8b2a5223a9b0d2b84af7,龙华,2016-11-11 07:55:20,subway_on,e20b5c676c3fa3562666390d1458a84f,0
1530,b2e16a3a717e97095fc84b7714b523b1,会展中心站,2016-11-11 08:27:47,subway_off,e20b5c676c3fa3562666390d1458a84f,1
1359,11a3b9066b5c8b2a5223a9b0d2b84af7,龙华,2016-11-11 08:01:12,subway_on,04f7048311a9560cc3c76cd774b1c567,0
1530,b2e16a3a717e97095fc84b7714b523b1,会展中心站,2016-11-11 08:43:48,subway_off,04f7048311a9560cc3c76cd774b1c567,1
1359,11a3b9066b5c8b2a5223a9b0d2b84af7,龙华,2016-11-11 08:21:02,subway_on,99e56181e66e8ec9ea6ea501be1f0a95,0
1530,b2e16a3a717e97095fc84b7714b523b1,会展中心站,2016-11-11 08:57:18,subway_off,99e56181e66e8ec9ea6ea501be1f0a95,1
1359,11a3b9066b5c8b2a5223a9b0d2b84af7,龙华,2016-11-11 07:46:16,subway_on,19560a53823e3f2f22b99a7e78f915da,0
1530,b2e16a3a717e97095fc84b7714b523b1,会展中心站,2016-11-11 08:16:45,subway_off,19560a53823e3f2f22b99a7e78f915da,1
1359,11a3b9066b5c8b2a5223a9b0d2b84af7,龙华,2016-11-11 07:44:20,subway_on,ec05b6a73303cb3433dfc51737aa51a1,0
1530,b2e16a3a717e97095fc84b7714b523b1,会展中心站,2016-11-11 08:16:42,subway_off,ec05b6a73303cb3433dfc51737aa51a1,1
1359,11a3b9066b5c8b2a5223a9b0d2b84af7,龙华,2016-11-11 07:36:46,subway_on,b5c8da62cf38ba2b54c97543eddb0e5e,0
1530,b2e16a3a717e97095fc84b7714b523b1,会展中心站,2016-11-11 08:13:28,subway_off,b5c8da62cf38ba2b54c97543eddb0e5e,1
1359,11a3b9066b5c8b2a5223a9b0d2b84af7,龙华,2016-11-11 07:38:38,subway_on,a8ab0df6017e0f2618788630040aaba8,0
1530,b2e16a3a717e97095fc84b7714b523b1,会展中心站,2016-11-11 08:13:31,subway_off,a8ab0df6017e0f2618788630040aaba8,1
1359,11a3b9066b5c8b2a5223a9b0d2b84af7,龙华,2016-11-11 07:37:36,subway_on,65d3a213fdc6a8594741d1c409ab7349,0
1530,b2e16a3a717e97095fc84b7714b523b1,会展中心站,2016-11-11 08:13:58,subway_off,65d3a213fdc6a8594741d1c409ab7349,1
1359,11a3b9066b5c8b2a5223a9b0d2b84af7,龙华,2016-11-11 08:13:56,subway_on,91921c9548f40c07f38af65a81f05af2,0
1530,b2e16a3a717e97095fc84b7714b523b1,会展中心站,2016-11-11 08:48:37,subway_off,91921c9548f40c07f38af65a81f05af2,1
1359,11a3b9066b5c8b2a5223a9b0d2b84af7,龙华,2016-11-11 07:10:48,subway_on,af3c2a050865aa9dfaff52efa8da2d03,0
1530,b2e16a3a717e97095fc84b7714b523b1,会展中心站,2016-11-11 07:38:14,subway_off,af3c2a050865aa9dfaff52efa8da2d03,1
1359,11a3b9066b5c8b2a5223a9b0d2b84af7,龙华,2016-11-11 07:55:06,subway_on,cd25d3a7963ce5ff338ffece019a9d71,0
1530,b2e16a3a717e97095fc84b7714b523b1,会展中心站,2016-11-11 08:27:20,subway_off,cd25d3a7963ce5ff338ffece019a9d71,1
1359,11a3b9066b5c8b2a5223a9b0d2b84af7,龙华,2016-11-11 07:57:42,subway_on,474f0bb03e6c7d76775862c942076e29,0
1530,b2e16a3a717e97095fc84b7714b523b1,会展中心站,2016-11-11 08:33:27,subway_off,474f0bb03e6c7d76775862c942076e29,1
1359,11a3b9066b5c8b2a5223a9b0d2b84af7,龙华,2016-11-11 06:49:42,subway_on,d7eca1a332d901fecaee4e97780e5cf6,0
1530,125bdba3df68377af1aa70a5e80b23eb,购物公园站,2016-11-11 07:23:17,subway_off,d7eca1a332d901fecaee4e97780e5cf6,1
1359,11a3b9066b5c8b2a5223a9b0d2b84af7,龙华,2016-11-11 08:26:06,subway_on,be79240d29c9822027bdbd582095adc7,0
1530,b2e16a3a717e97095fc84b7714b523b1,会展中心站,2016-11-11 08:56:34,subway_off,be79240d29c9822027bdbd582095adc7,1
1359,11a3b9066b5c8b2a5223a9b0d2b84af7,龙华,2016-11-11 08:17:48,subway_on,32adaa9414fb98f599dcc31dcae883a8,0
1530,b2e16a3a717e97095fc84b7714b523b1,会展中心站,2016-11-11 08:52:35,subway_off,32adaa9414fb98f599dcc31dcae883a8,1
1359,11a3b9066b5c8b2a5223a9b0d2b84af7,龙华,2016-11-11 07:49:16,subway_on,a8568442910c9b3625a8b316edacdd47,0
1530,b2e16a3a717e97095fc84b7714b523b1,会展中心站,2016-11-11 08:23:11,subway_off,a8568442910c9b3625a8b316edacdd47,1
1359,11a3b9066b5c8b2a5223a9b0d2b84af7,龙华,2016-11-11 08:14:38,subway_on,3d4d860df1e0567ea79f13b97c4c8398,0
1530,b2e16a3a717e97095fc84b7714b523b1,会展中心站,2016-11-11 08:47:53,subway_off,3d4d860df1e0567ea79f13b97c4c8398,1
1359,11a3b9066b5c8b2a5223a9b0d2b84af7,龙华,2016-11-11 08:14:14,subway_on,085e3df3969e37364c7001d9fe03321e,0
1530,b2e16a3a717e97095fc84b7714b523b1,会展中心站,2016-11-11 08:48:35,subway_off,085e3df3969e37364c7001d9fe03321e,1
1359,11a3b9066b5c8b2a5223a9b0d2b84af7,龙华,2016-11-11 07:43:14,subway_on,d0bfb5940445bcb10e41ee7d3c24789b,0
1530,b2e16a3a717e97095fc84b7714b523b1,会展中心站,2016-11-11 08:16:46,subway_off,d0bfb5940445bcb10e41ee7d3c24789b,1
1359,11a3b9066b5c8b2a5223a9b0d2b84af7,龙华,2016-11-11 07:29:50,subway_on,8c81ea31c205c3a7253d68db0c8a67a1,0
1530,b2e16a3a717e97095fc84b7714b523b1,会展中心站,2016-11-11 08:03:03,subway_off,8c81ea31c205c3a7253d68db0c8a67a1,1
1359,11a3b9066b5c8b2a5223a9b0d2b84af7,龙华,2016-11-11 07:55:38,subway_on,b2f723e303db55c1e10ff450e96e3e77,0
1530,b2e16a3a717e97095fc84b7714b523b1,会展中心站,2016-11-11 08:27:54,subway_off,b2f723e303db55c1e10ff450e96e3e77,1
1359,11a3b9066b5c8b2a5223a9b0d2b84af7,龙华,2016-11-11 07:32:32,subway_on,7b2cff2fe165554b029007eda6934da1,0
1530,b2e16a3a717e97095fc84b7714b523b1,会展中心站,2016-11-11 08:14:04,subway_off,7b2cff2fe165554b029007eda6934da1,1
1359,11a3b9066b5c8b2a5223a9b0d2b84af7,龙华,2016-11-11 07:50:14,subway_on,1aad3f2e3a53bf21f806d5ac70620107,0
1530,b2e16a3a717e97095fc84b7714b523b1,会展中心站,2016-11-11 08:32:46,subway_off,1aad3f2e3a53bf21f806d5ac70620107,1
1359,11a3b9066b5c8b2a5223a9b0d2b84af7,龙华,2016-11-11 07:21:10,subway_on,2c10e58ec7ecbd98889da74d62b6e2bd,0
1530,b2e16a3a717e97095fc84b7714b523b1,会展中心站,2016-11-11 07:51:15,subway_off,2c10e58ec7ecbd98889da74d62b6e2bd,1
1359,11a3b9066b5c8b2a5223a9b0d2b84af7,龙华,2016-11-11 07:50:14,subway_on,78e409a4f5cd25a3ceda8e546e49b9b5,0
1530,4eaec217c86da058c10bc1bb7a6a1683,购物公园,2016-11-11 08:39:31,subway_off,78e409a4f5cd25a3ceda8e546e49b9b5,1
1359,11a3b9066b5c8b2a5223a9b0d2b84af7,龙华,2016-11-11 08:06:40,subway_on,c00038a5041ce6f8fcfec82dfa43ee5a,0
1530,b2e16a3a717e97095fc84b7714b523b1,会展中心站,2016-11-11 08:43:49,subway_off,c00038a5041ce6f8fcfec82dfa43ee5a,1
1359,11a3b9066b5c8b2a5223a9b0d2b84af7,龙华,2016-11-11 07:55:22,subway_on,32174b8cf053eb72995b1fffd894267e,0
1530,125bdba3df68377af1aa70a5e80b23eb,购物公园站,2016-11-11 08:33:22,subway_off,32174b8cf053eb72995b1fffd894267e,1
1359,11a3b9066b5c8b2a5223a9b0d2b84af7,龙华,2016-11-11 08:10:00,subway_on,3b3ea9eef723bd64fea0ff424c5a8fc2,0
1530,125bdba3df68377af1aa70a5e80b23eb,购物公园站,2016-11-11 08:51:21,subway_off,3b3ea9eef723bd64fea0ff424c5a8fc2,1
1359,11a3b9066b5c8b2a5223a9b0d2b84af7,龙华,2016-11-11 08:06:32,subway_on,7e0b0436b4cb6506ce0ba7891dbacbe2,0
1530,b2e16a3a717e97095fc84b7714b523b1,会展中心站,2016-11-11 08:43:10,subway_off,7e0b0436b4cb6506ce0ba7891dbacbe2,1
1359,11a3b9066b5c8b2a5223a9b0d2b84af7,龙华,2016-11-11 07:37:02,subway_on,c7dc051847e2f94d7c0d0245463abf02,0
1530,b2e16a3a717e97095fc84b7714b523b1,会展中心站,2016-11-11 08:13:41,subway_off,c7dc051847e2f94d7c0d0245463abf02,1
1359,11a3b9066b5c8b2a5223a9b0d2b84af7,龙华,2016-11-11 07:45:34,subway_on,993a16b24d0e903d470f6653872b6c21,0
1530,b2e16a3a717e97095fc84b7714b523b1,会展中心站,2016-11-11 08:29:35,subway_off,993a16b24d0e903d470f6653872b6c21,1
1359,11a3b9066b5c8b2a5223a9b0d2b84af7,龙华,2016-11-11 07:46:04,subway_on,bad0729d2bee84a8fbfaba6818106666,0
1530,b2e16a3a717e97095fc84b7714b523b1,会展中心站,2016-11-11 08:28:00,subway_off,bad0729d2bee84a8fbfaba6818106666,1
1359,11a3b9066b5c8b2a5223a9b0d2b84af7,龙华,2016-11-11 07:36:26,subway_on,97412055c7613a4a92c93322111c468d,0
1530,b2e16a3a717e97095fc84b7714b523b1,会展中心站,2016-11-11 08:14:30,subway_off,97412055c7613a4a92c93322111c468d,1
1359,11a3b9066b5c8b2a5223a9b0d2b84af7,龙华,2016-11-11 07:09:54,subway_on,b3a8bcf9cdb2b005a41f8734762f2326,0
1530,b2e16a3a717e97095fc84b7714b523b1,会展中心站,2016-11-11 07:38:57,subway_off,b3a8bcf9cdb2b005a41f8734762f2326,1
1359,11a3b9066b5c8b2a5223a9b0d2b84af7,龙华,2016-11-11 07:30:14,subway_on,ed3259b11dfa93394f061a88715272ab,0
1530,b2e16a3a717e97095fc84b7714b523b1,会展中心站,2016-11-11 08:03:23,subway_off,ed3259b11dfa93394f061a88715272ab,1
1359,11a3b9066b5c8b2a5223a9b0d2b84af7,龙华,2016-11-11 07:58:50,subway_on,e12b05f228f0a45dae916d89b25d99b3,0
1530,b2e16a3a717e97095fc84b7714b523b1,会展中心站,2016-11-11 08:34:10,subway_off,e12b05f228f0a45dae916d89b25d99b3,1
1359,11a3b9066b5c8b2a5223a9b0d2b84af7,龙华,2016-11-11 06:23:04,subway_on,734d7dbd70c8e2bb4761fcaff6c0d735,0
1530,b2e16a3a717e97095fc84b7714b523b1,会展中心站,2016-11-11 07:05:40,subway_off,734d7dbd70c8e2bb4761fcaff6c0d735,1
1359,11a3b9066b5c8b2a5223a9b0d2b84af7,龙华,2016-11-11 08:13:24,subway_on,5dc4dca0efc0be6ee0fa0961cc1094a7,0
1530,b2e16a3a717e97095fc84b7714b523b1,会展中心站,2016-11-11 08:53:20,subway_off,5dc4dca0efc0be6ee0fa0961cc1094a7,1
1359,11a3b9066b5c8b2a5223a9b0d2b84af7,龙华,2016-11-11 07:59:22,subway_on,c4ebe17827e6843ea625659e4fd7e76c,0
1530,b2e16a3a717e97095fc84b7714b523b1,会展中心站,2016-11-11 08:33:36,subway_off,c4ebe17827e6843ea625659e4fd7e76c,1
1359,11a3b9066b5c8b2a5223a9b0d2b84af7,龙华,2016-11-11 07:13:04,subway_on,2ae7d9369928b3c5b3f7773c2b624e3a,0
1530,b2e16a3a717e97095fc84b7714b523b1,会展中心站,2016-11-11 07:39:39,subway_off,2ae7d9369928b3c5b3f7773c2b624e3a,1
1359,11a3b9066b5c8b2a5223a9b0d2b84af7,龙华,2016-11-11 07:50:06,subway_on,af71f42650adc4bf60cc217b9b312063,0
1530,b2e16a3a717e97095fc84b7714b523b1,会展中心站,2016-11-11 08:24:33,subway_off,af71f42650adc4bf60cc217b9b312063,1
1359,11a3b9066b5c8b2a5223a9b0d2b84af7,龙华,2016-11-11 08:09:12,subway_on,2f715e586b19e8865b099fad12083679,0
1530,b2e16a3a717e97095fc84b7714b523b1,会展中心站,2016-11-11 08:47:44,subway_off,2f715e586b19e8865b099fad12083679,1
1359,11a3b9066b5c8b2a5223a9b0d2b84af7,龙华,2016-11-11 08:13:08,subway_on,28bcb5a427ad4169c7a10a7076895aae,0
1530,b2e16a3a717e97095fc84b7714b523b1,会展中心站,2016-11-11 08:47:26,subway_off,28bcb5a427ad4169c7a10a7076895aae,1
1359,11a3b9066b5c8b2a5223a9b0d2b84af7,龙华,2016-11-11 08:14:38,subway_on,080aac6d89ff80dfed248565e0ef20d1,0
1530,b2e16a3a717e97095fc84b7714b523b1,会展中心站,2016-11-11 08:48:54,subway_off,080aac6d89ff80dfed248565e0ef20d1,1
1359,11a3b9066b5c8b2a5223a9b0d2b84af7,龙华,2016-11-11 07:41:18,subway_on,1a16b740c0cbf7ea41f5aea780a9b9ea,0
1530,b2e16a3a717e97095fc84b7714b523b1,会展中心站,2016-11-11 08:24:29,subway_off,1a16b740c0cbf7ea41f5aea780a9b9ea,1
1359,11a3b9066b5c8b2a5223a9b0d2b84af7,龙华,2016-11-11 07:22:08,subway_on,0529fc224b673c83abddcd7116fcf4d0,0
1530,125bdba3df68377af1aa70a5e80b23eb,购物公园站,2016-11-11 08:08:39,subway_off,0529fc224b673c83abddcd7116fcf4d0,1
1359,11a3b9066b5c8b2a5223a9b0d2b84af7,龙华,2016-11-11 08:01:08,subway_on,234419a47f5500889018f49d71a14191,0
1530,b2e16a3a717e97095fc84b7714b523b1,会展中心站,2016-11-11 08:42:49,subway_off,234419a47f5500889018f49d71a14191,1
1359,11a3b9066b5c8b2a5223a9b0d2b84af7,龙华,2016-11-11 08:02:00,subway_on,42990149006c3e63081d7698c39621d2,0
1530,b2e16a3a717e97095fc84b7714b523b1,会展中心站,2016-11-11 08:33:44,subway_off,42990149006c3e63081d7698c39621d2,1
1359,11a3b9066b5c8b2a5223a9b0d2b84af7,龙华,2016-11-11 07:40:22,subway_on,f202b6176c68fafc601d6df822e2692c,0
1530,125bdba3df68377af1aa70a5e80b23eb,购物公园站,2016-11-11 08:38:33,subway_off,f202b6176c68fafc601d6df822e2692c,1
1359,11a3b9066b5c8b2a5223a9b0d2b84af7,龙华,2016-11-11 07:50:00,subway_on,9e6ae5c50c30e29a4a127ffb19bff1bf,0
1530,b2e16a3a717e97095fc84b7714b523b1,会展中心站,2016-11-11 08:33:59,subway_off,9e6ae5c50c30e29a4a127ffb19bff1bf,1
1359,11a3b9066b5c8b2a5223a9b0d2b84af7,龙华,2016-11-11 07:25:34,subway_on,d9e3c043b42042f7444471c6aae8c827,0
1530,b2e16a3a717e97095fc84b7714b523b1,会展中心站,2016-11-11 07:55:28,subway_off,d9e3c043b42042f7444471c6aae8c827,1
1359,11a3b9066b5c8b2a5223a9b0d2b84af7,龙华,2016-11-11 07:49:48,subway_on,363d2d7034a51456815018ee94123191,0
1530,b2e16a3a717e97095fc84b7714b523b1,会展中心站,2016-11-11 08:23:44,subway_off,363d2d7034a51456815018ee94123191,1
1359,11a3b9066b5c8b2a5223a9b0d2b84af7,龙华,2016-11-11 07:38:08,subway_on,d8edabbe42ad46ddc05ff5dc1b0d5616,0
1530,b2e16a3a717e97095fc84b7714b523b1,会展中心站,2016-11-11 08:12:55,subway_off,d8edabbe42ad46ddc05ff5dc1b0d5616,1
1359,11a3b9066b5c8b2a5223a9b0d2b84af7,龙华,2016-11-11 07:35:04,subway_on,e19e3df2e45e8ce7a222af4edc2ab248,0
1530,b2e16a3a717e97095fc84b7714b523b1,会展中心站,2016-11-11 08:07:29,subway_off,e19e3df2e45e8ce7a222af4edc2ab248,1
1359,11a3b9066b5c8b2a5223a9b0d2b84af7,龙华,2016-11-11 07:44:50,subway_on,49310c7411a52bac12363007b6fc3b74,0
1530,b2e16a3a717e97095fc84b7714b523b1,会展中心站,2016-11-11 08:17:22,subway_off,49310c7411a52bac12363007b6fc3b74,1
1359,11a3b9066b5c8b2a5223a9b0d2b84af7,龙华,2016-11-11 07:44:10,subway_on,39add657010ce6491997a7fc84f40e35,0
1530,b2e16a3a717e97095fc84b7714b523b1,会展中心站,2016-11-11 08:17:51,subway_off,39add657010ce6491997a7fc84f40e35,1
1359,11a3b9066b5c8b2a5223a9b0d2b84af7,龙华,2016-11-11 08:12:30,subway_on,de7f4641802dafd603fafcac71e50ece,0
1530,b2e16a3a717e97095fc84b7714b523b1,会展中心站,2016-11-11 08:52:45,subway_off,de7f4641802dafd603fafcac71e50ece,1
1359,11a3b9066b5c8b2a5223a9b0d2b84af7,龙华,2016-11-11 07:46:52,subway_on,620de40a5992cfb8e756b309aeee3f46,0
1400,f59c7fd506745b2f25f26173a06a3b37,深圳北站,2016-11-11 08:01:24,subway_off,620de40a5992cfb8e756b309aeee3f46,1
1400,f59c7fd506745b2f25f26173a06a3b37,深圳北站,2016-11-11 08:11:32,subway_on,620de40a5992cfb8e756b309aeee3f46,2
1530,b2e16a3a717e97095fc84b7714b523b1,会展中心站,2016-11-11 08:40:33,subway_off,620de40a5992cfb8e756b309aeee3f46,3
1359,11a3b9066b5c8b2a5223a9b0d2b84af7,龙华,2016-11-11 07:56:08,subway_on,78a60ed1dec84760469f5d4b09eb3f4b,0
1530,b2e16a3a717e97095fc84b7714b523b1,会展中心站,2016-11-11 08:27:22,subway_off,78a60ed1dec84760469f5d4b09eb3f4b,1
1359,11a3b9066b5c8b2a5223a9b0d2b84af7,龙华,2016-11-11 07:57:44,subway_on,5953ae09b2a000be5afcd232987aa1bc,0
1530,b2e16a3a717e97095fc84b7714b523b1,会展中心站,2016-11-11 08:47:40,subway_off,5953ae09b2a000be5afcd232987aa1bc,1
1359,11a3b9066b5c8b2a5223a9b0d2b84af7,龙华,2016-11-11 07:49:54,subway_on,547e667725a894528bf1e69d33d1af90,0
1530,125bdba3df68377af1aa70a5e80b23eb,购物公园站,2016-11-11 08:28:15,subway_off,547e667725a894528bf1e69d33d1af90,1
1359,11a3b9066b5c8b2a5223a9b0d2b84af7,龙华,2016-11-11 07:40:08,subway_on,18a05be0d46ef9b45d1d46882661f982,0
1530,4eaec217c86da058c10bc1bb7a6a1683,购物公园,2016-11-11 08:19:04,subway_off,18a05be0d46ef9b45d1d46882661f982,1
1359,11a3b9066b5c8b2a5223a9b0d2b84af7,龙华,2016-11-11 07:29:08,subway_on,d07f61c6b4737d2024693e4113d623cc,0
1530,b2e16a3a717e97095fc84b7714b523b1,会展中心站,2016-11-11 08:03:22,subway_off,d07f61c6b4737d2024693e4113d623cc,1
1359,11a3b9066b5c8b2a5223a9b0d2b84af7,龙华,2016-11-11 07:24:18,subway_on,a49a19a5713c1136f08ab289999fd117,0
1530,b2e16a3a717e97095fc84b7714b523b1,会展中心站,2016-11-11 07:56:41,subway_off,a49a19a5713c1136f08ab289999fd117,1
1359,11a3b9066b5c8b2a5223a9b0d2b84af7,龙华,2016-11-11 08:18:54,subway_on,9fe7536fd447896d4a005f36f2c1dc54,0
1530,b2e16a3a717e97095fc84b7714b523b1,会展中心站,2016-11-11 08:57:51,subway_off,9fe7536fd447896d4a005f36f2c1dc54,1
1359,11a3b9066b5c8b2a5223a9b0d2b84af7,龙华,2016-11-11 07:31:16,subway_on,36724a924011e18af21ff3efa1074958,0
1530,b2e16a3a717e97095fc84b7714b523b1,会展中心站,2016-11-11 08:13:27,subway_off,36724a924011e18af21ff3efa1074958,1
1359,11a3b9066b5c8b2a5223a9b0d2b84af7,龙华,2016-11-11 08:04:54,subway_on,72bb7ec7180dcedce399901295c6e086,0
1530,b2e16a3a717e97095fc84b7714b523b1,会展中心站,2016-11-11 08:39:29,subway_off,72bb7ec7180dcedce399901295c6e086,1
1359,11a3b9066b5c8b2a5223a9b0d2b84af7,龙华,2016-11-11 07:05:22,subway_on,38acff6de8cf475ee191fa1df12d6245,0
1530,b2e16a3a717e97095fc84b7714b523b1,会展中心站,2016-11-11 07:35:04,subway_off,38acff6de8cf475ee191fa1df12d6245,1
1359,11a3b9066b5c8b2a5223a9b0d2b84af7,龙华,2016-11-11 07:37:40,subway_on,3fd7238bd16f7a41244ed8f8a5ad19b0,0
1530,125bdba3df68377af1aa70a5e80b23eb,购物公园站,2016-11-11 08:18:18,subway_off,3fd7238bd16f7a41244ed8f8a5ad19b0,1
1359,11a3b9066b5c8b2a5223a9b0d2b84af7,龙华,2016-11-11 08:01:46,subway_on,99177a39b7b57e69285ad988089febe5,0
1530,b2e16a3a717e97095fc84b7714b523b1,会展中心站,2016-11-11 08:44:48,subway_off,99177a39b7b57e69285ad988089febe5,1
1359,11a3b9066b5c8b2a5223a9b0d2b84af7,龙华,2016-11-11 08:14:36,subway_on,9d99f61aeed5bfecfdf016ace4290ee7,0
1530,b2e16a3a717e97095fc84b7714b523b1,会展中心站,2016-11-11 08:48:04,subway_off,9d99f61aeed5bfecfdf016ace4290ee7,1
1359,11a3b9066b5c8b2a5223a9b0d2b84af7,龙华,2016-11-11 08:11:36,subway_on,4fd979b9aa3873d993a6b11bc97e8306,0
1530,b2e16a3a717e97095fc84b7714b523b1,会展中心站,2016-11-11 08:52:56,subway_off,4fd979b9aa3873d993a6b11bc97e8306,1
1359,11a3b9066b5c8b2a5223a9b0d2b84af7,龙华,2016-11-11 08:12:34,subway_on,fc38f921d3719d39759a5b71ef81813c,0
1530,b2e16a3a717e97095fc84b7714b523b1,会展中心站,2016-11-11 08:48:48,subway_off,fc38f921d3719d39759a5b71ef81813c,1
1359,11a3b9066b5c8b2a5223a9b0d2b84af7,龙华,2016-11-11 08:02:54,subway_on,8c5783f48715ccd624bffd61df2b3bd7,0
1530,b2e16a3a717e97095fc84b7714b523b1,会展中心站,2016-11-11 08:38:07,subway_off,8c5783f48715ccd624bffd61df2b3bd7,1
1359,11a3b9066b5c8b2a5223a9b0d2b84af7,龙华,2016-11-11 08:10:06,subway_on,e4a7652708c6b774b0fbdef00a0ef157,0
1530,b2e16a3a717e97095fc84b7714b523b1,会展中心站,2016-11-11 08:43:34,subway_off,e4a7652708c6b774b0fbdef00a0ef157,1
1359,11a3b9066b5c8b2a5223a9b0d2b84af7,龙华,2016-11-11 08:21:48,subway_on,b7cbf0a62073d44f832e34f39547702b,0
1530,b2e16a3a717e97095fc84b7714b523b1,会展中心站,2016-11-11 08:53:00,subway_off,b7cbf0a62073d44f832e34f39547702b,1
1359,11a3b9066b5c8b2a5223a9b0d2b84af7,龙华,2016-11-11 08:23:58,subway_on,1003802ac11f6fe2ba4a4007f004415f,0
1530,b2e16a3a717e97095fc84b7714b523b1,会展中心站,2016-11-11 08:57:11,subway_off,1003802ac11f6fe2ba4a4007f004415f,1
1359,11a3b9066b5c8b2a5223a9b0d2b84af7,龙华,2016-11-11 08:01:08,subway_on,92ec37d0f4358f980f736daedc167fed,0
1530,b2e16a3a717e97095fc84b7714b523b1,会展中心站,2016-11-11 08:42:33,subway_off,92ec37d0f4358f980f736daedc167fed,1
1359,11a3b9066b5c8b2a5223a9b0d2b84af7,龙华,2016-11-11 07:38:54,subway_on,e34196acf97f43ab0d955611fedfa9dc,0
1530,125bdba3df68377af1aa70a5e80b23eb,购物公园站,2016-11-11 08:28:01,subway_off,e34196acf97f43ab0d955611fedfa9dc,1
1359,11a3b9066b5c8b2a5223a9b0d2b84af7,龙华,2016-11-11 07:46:36,subway_on,76a99080679a65b74528158154876318,0
1530,4eaec217c86da058c10bc1bb7a6a1683,购物公园,2016-11-11 08:24:11,subway_off,76a99080679a65b74528158154876318,1
1359,11a3b9066b5c8b2a5223a9b0d2b84af7,龙华,2016-11-11 07:05:38,subway_on,3ab98f205e96938d0bde4e8ee7c836a7,0
1530,b2e16a3a717e97095fc84b7714b523b1,会展中心站,2016-11-11 07:34:52,subway_off,3ab98f205e96938d0bde4e8ee7c836a7,1
1359,11a3b9066b5c8b2a5223a9b0d2b84af7,龙华,2016-11-11 07:29:56,subway_on,c3233b53c9ccd86effa0ce5506473e1d,0
1530,b2e16a3a717e97095fc84b7714b523b1,会展中心站,2016-11-11 08:02:41,subway_off,c3233b53c9ccd86effa0ce5506473e1d,1
1359,11a3b9066b5c8b2a5223a9b0d2b84af7,龙华,2016-11-11 07:48:06,subway_on,5e0463e85de4573e9f53d02e7dcdc6b7,0
1530,b2e16a3a717e97095fc84b7714b523b1,会展中心站,2016-11-11 08:23:49,subway_off,5e0463e85de4573e9f53d02e7dcdc6b7,1
1359,11a3b9066b5c8b2a5223a9b0d2b84af7,龙华,2016-11-11 07:22:02,subway_on,681431e1787ee0daf080d06ffc485c9e,0
1530,b2e16a3a717e97095fc84b7714b523b1,会展中心站,2016-11-11 07:52:55,subway_off,681431e1787ee0daf080d06ffc485c9e,1
1359,11a3b9066b5c8b2a5223a9b0d2b84af7,龙华,2016-11-11 08:19:56,subway_on,70fd34da2d50ec19224759086a01fafe,0
1530,b2e16a3a717e97095fc84b7714b523b1,会展中心站,2016-11-11 08:53:46,subway_off,70fd34da2d50ec19224759086a01fafe,1
1359,11a3b9066b5c8b2a5223a9b0d2b84af7,龙华,2016-11-11 07:23:24,subway_on,e96011fdfbd94c528ad84d958dfa133f,0
1530,b2e16a3a717e97095fc84b7714b523b1,会展中心站,2016-11-11 07:52:31,subway_off,e96011fdfbd94c528ad84d958dfa133f,1
1359,11a3b9066b5c8b2a5223a9b0d2b84af7,龙华,2016-11-11 07:59:48,subway_on,85e48c84a582421d720d26c5591358b3,0
1530,b2e16a3a717e97095fc84b7714b523b1,会展中心站,2016-11-11 08:33:19,subway_off,85e48c84a582421d720d26c5591358b3,1
1359,11a3b9066b5c8b2a5223a9b0d2b84af7,龙华,2016-11-11 08:14:48,subway_on,a6ec217a1371c2b97dece4f58e3a0073,0
1530,125bdba3df68377af1aa70a5e80b23eb,购物公园站,2016-11-11 08:53:36,subway_off,a6ec217a1371c2b97dece4f58e3a0073,1
1359,11a3b9066b5c8b2a5223a9b0d2b84af7,龙华,2016-11-11 06:56:06,subway_on,516f1a8b975470d723a02a793b67a48d,0
1530,b2e16a3a717e97095fc84b7714b523b1,会展中心站,2016-11-11 07:25:56,subway_off,516f1a8b975470d723a02a793b67a48d,1
1359,11a3b9066b5c8b2a5223a9b0d2b84af7,龙华,2016-11-11 07:53:18,subway_on,8cbb364f0356397adc7156595ca72da0,0
1530,b2e16a3a717e97095fc84b7714b523b1,会展中心站,2016-11-11 08:32:49,subway_off,8cbb364f0356397adc7156595ca72da0,1
1359,11a3b9066b5c8b2a5223a9b0d2b84af7,龙华,2016-11-11 07:23:14,subway_on,859003e8f3fc9c5fdcd265ae7818f2ea,0
1530,4eaec217c86da058c10bc1bb7a6a1683,购物公园,2016-11-11 08:04:05,subway_off,859003e8f3fc9c5fdcd265ae7818f2ea,1
1359,11a3b9066b5c8b2a5223a9b0d2b84af7,龙华,2016-11-11 07:04:34,subway_on,0156ccc607485a5b804b1e1505e92b71,0
1530,b2e16a3a717e97095fc84b7714b523b1,会展中心站,2016-11-11 07:34:21,subway_off,0156ccc607485a5b804b1e1505e92b71,1
1359,11a3b9066b5c8b2a5223a9b0d2b84af7,龙华,2016-11-11 08:24:16,subway_on,4640cf365229a87fcf5590d41ee5d22a,0
1530,b2e16a3a717e97095fc84b7714b523b1,会展中心站,2016-11-11 08:56:32,subway_off,4640cf365229a87fcf5590d41ee5d22a,1
1359,11a3b9066b5c8b2a5223a9b0d2b84af7,龙华,2016-11-11 07:54:10,subway_on,c2f764023c4476136e18117c44991635,0
1530,b2e16a3a717e97095fc84b7714b523b1,会展中心站,2016-11-11 08:39:31,subway_off,c2f764023c4476136e18117c44991635,1
1359,11a3b9066b5c8b2a5223a9b0d2b84af7,龙华,2016-11-11 07:45:48,subway_on,974bc427677c65719afd218045865cd4,0
1530,b2e16a3a717e97095fc84b7714b523b1,会展中心站,2016-11-11 08:18:05,subway_off,974bc427677c65719afd218045865cd4,1
1359,11a3b9066b5c8b2a5223a9b0d2b84af7,龙华,2016-11-11 07:53:20,subway_on,d52c1cc5085304b8a31a1f09e1de0afe,0
1530,b2e16a3a717e97095fc84b7714b523b1,会展中心站,2016-11-11 08:28:56,subway_off,d52c1cc5085304b8a31a1f09e1de0afe,1
1359,11a3b9066b5c8b2a5223a9b0d2b84af7,龙华,2016-11-11 07:45:24,subway_on,c93c14c7c2d82c26e4891cd7c9047cb5,0
1530,b2e16a3a717e97095fc84b7714b523b1,会展中心站,2016-11-11 08:16:45,subway_off,c93c14c7c2d82c26e4891cd7c9047cb5,1
1359,11a3b9066b5c8b2a5223a9b0d2b84af7,龙华,2016-11-11 07:47:44,subway_on,b4ed945d56820c438a07417ea5a648a6,0
1530,b2e16a3a717e97095fc84b7714b523b1,会展中心站,2016-11-11 08:23:53,subway_off,b4ed945d56820c438a07417ea5a648a6,1
1359,11a3b9066b5c8b2a5223a9b0d2b84af7,龙华,2016-11-11 08:06:46,subway_on,30d46b373a0476488d1cfa87c9950d5a,0
1530,b2e16a3a717e97095fc84b7714b523b1,会展中心站,2016-11-11 08:42:48,subway_off,30d46b373a0476488d1cfa87c9950d5a,1
1359,11a3b9066b5c8b2a5223a9b0d2b84af7,龙华,2016-11-11 07:20:18,subway_on,327240b54d7175d8d59f126e4560be65,0
1530,b2e16a3a717e97095fc84b7714b523b1,会展中心站,2016-11-11 07:49:10,subway_off,327240b54d7175d8d59f126e4560be65,1
1359,11a3b9066b5c8b2a5223a9b0d2b84af7,龙华,2016-11-11 07:39:50,subway_on,e78e30ed100ab8b79f033c5d9e690a8e,0
1530,b2e16a3a717e97095fc84b7714b523b1,会展中心站,2016-11-11 08:12:32,subway_off,e78e30ed100ab8b79f033c5d9e690a8e,1
1359,11a3b9066b5c8b2a5223a9b0d2b84af7,龙华,2016-11-11 08:19:10,subway_on,2caf261dd3db0f308642a183682e56f1,0
1530,b2e16a3a717e97095fc84b7714b523b1,会展中心站,2016-11-11 08:53:40,subway_off,2caf261dd3db0f308642a183682e56f1,1
1359,11a3b9066b5c8b2a5223a9b0d2b84af7,龙华,2016-11-11 07:57:30,subway_on,c6ec8cacf7cba3fce1561a6b72a58236,0
1530,b2e16a3a717e97095fc84b7714b523b1,会展中心站,2016-11-11 08:38:37,subway_off,c6ec8cacf7cba3fce1561a6b72a58236,1
1359,11a3b9066b5c8b2a5223a9b0d2b84af7,龙华,2016-11-11 08:09:16,subway_on,164075163671f7815cfb437935042171,0
1530,b2e16a3a717e97095fc84b7714b523b1,会展中心站,2016-11-11 08:42:04,subway_off,164075163671f7815cfb437935042171,1
1359,11a3b9066b5c8b2a5223a9b0d2b84af7,龙华,2016-11-11 07:45:32,subway_on,84bcae65e6007416bf8e5a9dfa101e6e,0
1530,b2e16a3a717e97095fc84b7714b523b1,会展中心站,2016-11-11 08:17:53,subway_off,84bcae65e6007416bf8e5a9dfa101e6e,1
1359,11a3b9066b5c8b2a5223a9b0d2b84af7,龙华,2016-11-11 07:50:00,subway_on,786e205672d192ac8d5dea8a820d05e0,0
1530,b2e16a3a717e97095fc84b7714b523b1,会展中心站,2016-11-11 08:32:52,subway_off,786e205672d192ac8d5dea8a820d05e0,1
1359,11a3b9066b5c8b2a5223a9b0d2b84af7,龙华,2016-11-11 07:36:18,subway_on,18e3ebc9dfe707a6bfea335670bebd42,0
1530,b2e16a3a717e97095fc84b7714b523b1,会展中心站,2016-11-11 08:16:08,subway_off,18e3ebc9dfe707a6bfea335670bebd42,1
1359,11a3b9066b5c8b2a5223a9b0d2b84af7,龙华,2016-11-11 07:50:28,subway_on,352099c681d5a932860ea1377e46c8d3,0
1530,b2e16a3a717e97095fc84b7714b523b1,会展中心站,2016-11-11 08:33:49,subway_off,352099c681d5a932860ea1377e46c8d3,1
1359,11a3b9066b5c8b2a5223a9b0d2b84af7,龙华,2016-11-11 07:42:36,subway_on,3e1b73806ec86de828388cf86c2da0fd,0
1530,b2e16a3a717e97095fc84b7714b523b1,会展中心站,2016-11-11 08:16:59,subway_off,3e1b73806ec86de828388cf86c2da0fd,1
1359,11a3b9066b5c8b2a5223a9b0d2b84af7,龙华,2016-11-11 07:50:46,subway_on,35d9d4c2a44c0138d9157798a0ed8e0e,0
1530,b2e16a3a717e97095fc84b7714b523b1,会展中心站,2016-11-11 08:22:57,subway_off,35d9d4c2a44c0138d9157798a0ed8e0e,1
1359,11a3b9066b5c8b2a5223a9b0d2b84af7,龙华,2016-11-11 08:00:16,subway_on,d80c9446b1236afec6914600d1d8773b,0
1530,b2e16a3a717e97095fc84b7714b523b1,会展中心站,2016-11-11 08:33:59,subway_off,d80c9446b1236afec6914600d1d8773b,1
1359,11a3b9066b5c8b2a5223a9b0d2b84af7,龙华,2016-11-11 07:24:10,subway_on,7519e5775b964584da593ffbcd46d223,0
1530,b2e16a3a717e97095fc84b7714b523b1,会展中心站,2016-11-11 07:53:23,subway_off,7519e5775b964584da593ffbcd46d223,1
1359,11a3b9066b5c8b2a5223a9b0d2b84af7,龙华,2016-11-11 07:51:06,subway_on,2eea4b77a689f57a69525bcd7542fa79,0
1530,4eaec217c86da058c10bc1bb7a6a1683,购物公园,2016-11-11 08:29:23,subway_off,2eea4b77a689f57a69525bcd7542fa79,1
1359,11a3b9066b5c8b2a5223a9b0d2b84af7,龙华,2016-11-11 07:21:30,subway_on,c4ee7c3cc1c6bf8fd33f8540ccafd1a9,0
1530,b2e16a3a717e97095fc84b7714b523b1,会展中心站,2016-11-11 07:50:10,subway_off,c4ee7c3cc1c6bf8fd33f8540ccafd1a9,1
1359,11a3b9066b5c8b2a5223a9b0d2b84af7,龙华,2016-11-11 08:01:48,subway_on,4a87e4b125ac669311b4aa770da2c2af,0
1530,b2e16a3a717e97095fc84b7714b523b1,会展中心站,2016-11-11 08:34:42,subway_off,4a87e4b125ac669311b4aa770da2c2af,1
1359,11a3b9066b5c8b2a5223a9b0d2b84af7,龙华,2016-11-11 08:18:42,subway_on,cb9cc5bb86e72a666fc51a773ca381be,0
1530,b2e16a3a717e97095fc84b7714b523b1,会展中心站,2016-11-11 08:57:45,subway_off,cb9cc5bb86e72a666fc51a773ca381be,1
1359,11a3b9066b5c8b2a5223a9b0d2b84af7,龙华,2016-11-11 08:13:20,subway_on,2f07470883f24395c0ca20f6d212556c,0
1530,b2e16a3a717e97095fc84b7714b523b1,会展中心站,2016-11-11 08:48:58,subway_off,2f07470883f24395c0ca20f6d212556c,1
1359,11a3b9066b5c8b2a5223a9b0d2b84af7,龙华,2016-11-11 08:09:50,subway_on,b8d4affd7478d85fa9a0e45577bd0b5d,0
1530,b2e16a3a717e97095fc84b7714b523b1,会展中心站,2016-11-11 08:54:05,subway_off,b8d4affd7478d85fa9a0e45577bd0b5d,1
1359,11a3b9066b5c8b2a5223a9b0d2b84af7,龙华,2016-11-11 07:25:44,subway_on,57af9ebf2d6ce4eade316ed5cb2e7ed2,0
1530,b2e16a3a717e97095fc84b7714b523b1,会展中心站,2016-11-11 07:55:09,subway_off,57af9ebf2d6ce4eade316ed5cb2e7ed2,1
1359,11a3b9066b5c8b2a5223a9b0d2b84af7,龙华,2016-11-11 07:31:42,subway_on,3651fdd5cc0cd89e4f45a6fcc653a414,0
1530,b2e16a3a717e97095fc84b7714b523b1,会展中心站,2016-11-11 08:12:10,subway_off,3651fdd5cc0cd89e4f45a6fcc653a414,1
1359,11a3b9066b5c8b2a5223a9b0d2b84af7,龙华,2016-11-11 07:20:46,subway_on,29f339c3db0435ed05676d474455e5b2,0
1530,b2e16a3a717e97095fc84b7714b523b1,会展中心站,2016-11-11 07:50:08,subway_off,29f339c3db0435ed05676d474455e5b2,1
1359,11a3b9066b5c8b2a5223a9b0d2b84af7,龙华,2016-11-11 07:27:20,subway_on,fdb568f556107da386139583bfb030f3,0
1530,b2e16a3a717e97095fc84b7714b523b1,会展中心站,2016-11-11 08:07:37,subway_off,fdb568f556107da386139583bfb030f3,1
1359,11a3b9066b5c8b2a5223a9b0d2b84af7,龙华,2016-11-11 07:42:12,subway_on,b2b5e7e2c5749461837653cd6a081093,0
1530,b2e16a3a717e97095fc84b7714b523b1,会展中心站,2016-11-11 08:24:47,subway_off,b2b5e7e2c5749461837653cd6a081093,1
1359,11a3b9066b5c8b2a5223a9b0d2b84af7,龙华,2016-11-11 08:16:20,subway_on,b4bb48a2600abf9248c0bce44e747826,0
1530,b2e16a3a717e97095fc84b7714b523b1,会展中心站,2016-11-11 08:48:29,subway_off,b4bb48a2600abf9248c0bce44e747826,1
1359,11a3b9066b5c8b2a5223a9b0d2b84af7,龙华,2016-11-11 07:40:26,subway_on,7202f09b062902cad884f0360eaae254,0
1530,b2e16a3a717e97095fc84b7714b523b1,会展中心站,2016-11-11 08:13:38,subway_off,7202f09b062902cad884f0360eaae254,1
1359,11a3b9066b5c8b2a5223a9b0d2b84af7,龙华,2016-11-11 08:01:00,subway_on,6c206815c9f34ed461af8134faba53b7,0
1530,b2e16a3a717e97095fc84b7714b523b1,会展中心站,2016-11-11 08:44:04,subway_off,6c206815c9f34ed461af8134faba53b7,1
1530,b2e16a3a717e97095fc84b7714b523b1,会展中心站,2016-11-11 08:46:13,subway_on,6c206815c9f34ed461af8134faba53b7,2
1359,11a3b9066b5c8b2a5223a9b0d2b84af7,龙华,2016-11-11 08:14:24,subway_on,0ed4e0b49f58f5d4f7b0465bf332859f,0
1530,b2e16a3a717e97095fc84b7714b523b1,会展中心站,2016-11-11 08:47:26,subway_off,0ed4e0b49f58f5d4f7b0465bf332859f,1
1359,11a3b9066b5c8b2a5223a9b0d2b84af7,龙华,2016-11-11 07:30:16,subway_on,efce08bdd973b5e502c698c094addfd4,0
1530,b2e16a3a717e97095fc84b7714b523b1,会展中心站,2016-11-11 08:02:28,subway_off,efce08bdd973b5e502c698c094addfd4,1
1359,11a3b9066b5c8b2a5223a9b0d2b84af7,龙华,2016-11-11 07:50:16,subway_on,91245afdb8367c07c77b437ef5654445,0
1530,b2e16a3a717e97095fc84b7714b523b1,会展中心站,2016-11-11 08:23:35,subway_off,91245afdb8367c07c77b437ef5654445,1
1359,11a3b9066b5c8b2a5223a9b0d2b84af7,龙华,2016-11-11 08:05:12,subway_on,045b9450b3c59d45473118dd46cef792,0
1530,b2e16a3a717e97095fc84b7714b523b1,会展中心站,2016-11-11 08:38:43,subway_off,045b9450b3c59d45473118dd46cef792,1
1359,11a3b9066b5c8b2a5223a9b0d2b84af7,龙华,2016-11-11 07:55:48,subway_on,4b45be0e81a3118add3fea5d197996d8,0
1530,b2e16a3a717e97095fc84b7714b523b1,会展中心站,2016-11-11 08:33:36,subway_off,4b45be0e81a3118add3fea5d197996d8,1
1359,11a3b9066b5c8b2a5223a9b0d2b84af7,龙华,2016-11-11 08:10:12,subway_on,d3092eee5f8b2f25f3f253db2b4ee9a1,0
1530,b2e16a3a717e97095fc84b7714b523b1,会展中心站,2016-11-11 08:42:57,subway_off,d3092eee5f8b2f25f3f253db2b4ee9a1,1
1359,11a3b9066b5c8b2a5223a9b0d2b84af7,龙华,2016-11-11 08:14:42,subway_on,956f1e61d5776f1f5d8538103c44022c,0
1530,125bdba3df68377af1aa70a5e80b23eb,购物公园站,2016-11-11 08:56:44,subway_off,956f1e61d5776f1f5d8538103c44022c,1
1359,11a3b9066b5c8b2a5223a9b0d2b84af7,龙华,2016-11-11 07:44:24,subway_on,855e8d0403c3bd2a8e8cd03e669abff5,0
1530,b2e16a3a717e97095fc84b7714b523b1,会展中心站,2016-11-11 08:16:55,subway_off,855e8d0403c3bd2a8e8cd03e669abff5,1
1359,11a3b9066b5c8b2a5223a9b0d2b84af7,龙华,2016-11-11 07:33:58,subway_on,0817fe8caa0566dc1650f3a0520f2e1c,0
1530,b2e16a3a717e97095fc84b7714b523b1,会展中心站,2016-11-11 08:13:36,subway_off,0817fe8caa0566dc1650f3a0520f2e1c,1
1359,11a3b9066b5c8b2a5223a9b0d2b84af7,龙华,2016-11-11 07:35:58,subway_on,a0510663158855e81fb8b833172f8568,0
1530,b2e16a3a717e97095fc84b7714b523b1,会展中心站,2016-11-11 08:06:02,subway_off,a0510663158855e81fb8b833172f8568,1
1359,11a3b9066b5c8b2a5223a9b0d2b84af7,龙华,2016-11-11 07:37:32,subway_on,d0be21dcff202bd0ab6d682e4ca9d84b,0
1530,b2e16a3a717e97095fc84b7714b523b1,会展中心站,2016-11-11 08:14:47,subway_off,d0be21dcff202bd0ab6d682e4ca9d84b,1
1359,11a3b9066b5c8b2a5223a9b0d2b84af7,龙华,2016-11-11 08:01:10,subway_on,b48661200c5d1a4554b04c6bc5992082,0
1530,b2e16a3a717e97095fc84b7714b523b1,会展中心站,2016-11-11 08:43:52,subway_off,b48661200c5d1a4554b04c6bc5992082,1
1359,11a3b9066b5c8b2a5223a9b0d2b84af7,龙华,2016-11-11 08:16:38,subway_on,40aaf481b2daa2fad95e9bcba5d11e29,0
1530,b2e16a3a717e97095fc84b7714b523b1,会展中心站,2016-11-11 08:48:26,subway_off,40aaf481b2daa2fad95e9bcba5d11e29,1
1359,11a3b9066b5c8b2a5223a9b0d2b84af7,龙华,2016-11-11 07:59:42,subway_on,b87f8f6613224c298df35badc5bde623,0
1530,b2e16a3a717e97095fc84b7714b523b1,会展中心站,2016-11-11 08:39:39,subway_off,b87f8f6613224c298df35badc5bde623,1
1359,11a3b9066b5c8b2a5223a9b0d2b84af7,龙华,2016-11-11 08:17:48,subway_on,7af641153378da9a454380a85a6fd7db,0
1530,b2e16a3a717e97095fc84b7714b523b1,会展中心站,2016-11-11 08:53:01,subway_off,7af641153378da9a454380a85a6fd7db,1
1359,11a3b9066b5c8b2a5223a9b0d2b84af7,龙华,2016-11-11 07:35:58,subway_on,2b18aee62d32073d65eda724969f9d24,0
1530,b2e16a3a717e97095fc84b7714b523b1,会展中心站,2016-11-11 08:17:39,subway_off,2b18aee62d32073d65eda724969f9d24,1
1359,11a3b9066b5c8b2a5223a9b0d2b84af7,龙华,2016-11-11 08:04:52,subway_on,dcb6520437e42112adbf67a9e4e8769d,0
1530,b2e16a3a717e97095fc84b7714b523b1,会展中心站,2016-11-11 08:39:22,subway_off,dcb6520437e42112adbf67a9e4e8769d,1
1359,11a3b9066b5c8b2a5223a9b0d2b84af7,龙华,2016-11-11 07:59:50,subway_on,eac66e8f23e61d51de043e83f2ac3750,0
1530,b2e16a3a717e97095fc84b7714b523b1,会展中心站,2016-11-11 08:40:06,subway_off,eac66e8f23e61d51de043e83f2ac3750,1
1359,11a3b9066b5c8b2a5223a9b0d2b84af7,龙华,2016-11-11 07:28:26,subway_on,afcda2150bef33a30a487bec8a0e72a2,0
1530,b2e16a3a717e97095fc84b7714b523b1,会展中心站,2016-11-11 08:04:47,subway_off,afcda2150bef33a30a487bec8a0e72a2,1
1359,11a3b9066b5c8b2a5223a9b0d2b84af7,龙华,2016-11-11 08:15:40,subway_on,7fb484ef70fb23a79cc29239e4ad315e,0
1530,b2e16a3a717e97095fc84b7714b523b1,会展中心站,2016-11-11 08:48:24,subway_off,7fb484ef70fb23a79cc29239e4ad315e,1
1359,11a3b9066b5c8b2a5223a9b0d2b84af7,龙华,2016-11-11 07:50:02,subway_on,48c54582fbdf6fb9da726bde73e5b024,0
1530,b2e16a3a717e97095fc84b7714b523b1,会展中心站,2016-11-11 08:22:31,subway_off,48c54582fbdf6fb9da726bde73e5b024,1
1359,11a3b9066b5c8b2a5223a9b0d2b84af7,龙华,2016-11-11 08:10:56,subway_on,610dff3d985995654b54b4c423c207fc,0
1530,b2e16a3a717e97095fc84b7714b523b1,会展中心站,2016-11-11 08:48:53,subway_off,610dff3d985995654b54b4c423c207fc,1
1359,11a3b9066b5c8b2a5223a9b0d2b84af7,龙华,2016-11-11 08:03:58,subway_on,78425de0ef05b14cf7221bc74eaa7ad3,0
1530,b2e16a3a717e97095fc84b7714b523b1,会展中心站,2016-11-11 08:40:05,subway_off,78425de0ef05b14cf7221bc74eaa7ad3,1
1359,11a3b9066b5c8b2a5223a9b0d2b84af7,龙华,2016-11-11 08:21:48,subway_on,ba2568a064a51a02f484180c3ad37f27,0
1530,b2e16a3a717e97095fc84b7714b523b1,会展中心站,2016-11-11 08:52:38,subway_off,ba2568a064a51a02f484180c3ad37f27,1
1359,11a3b9066b5c8b2a5223a9b0d2b84af7,龙华,2016-11-11 07:29:44,subway_on,667206f666737966d2c7475f7f702169,0
1530,b2e16a3a717e97095fc84b7714b523b1,会展中心站,2016-11-11 08:03:17,subway_off,667206f666737966d2c7475f7f702169,1
1359,11a3b9066b5c8b2a5223a9b0d2b84af7,龙华,2016-11-11 08:29:12,subway_on,9ae0390601b2962613ca75b1f0c51f85,0
1530,b2e16a3a717e97095fc84b7714b523b1,会展中心站,2016-11-11 08:56:52,subway_off,9ae0390601b2962613ca75b1f0c51f85,1
1359,11a3b9066b5c8b2a5223a9b0d2b84af7,龙华,2016-11-11 07:20:18,subway_on,be24447494fac4a95e8d8f3dbc1f6b21,0
1530,b2e16a3a717e97095fc84b7714b523b1,会展中心站,2016-11-11 08:04:05,subway_off,be24447494fac4a95e8d8f3dbc1f6b21,1
1359,11a3b9066b5c8b2a5223a9b0d2b84af7,龙华,2016-11-11 07:44:52,subway_on,541e8984790e4ed20ac3a724903f68e1,0
1530,125bdba3df68377af1aa70a5e80b23eb,购物公园站,2016-11-11 08:33:03,subway_off,541e8984790e4ed20ac3a724903f68e1,1
1359,11a3b9066b5c8b2a5223a9b0d2b84af7,龙华,2016-11-11 07:55:18,subway_on,5b03503032802a9f9617670e52c2bcf8,0
1530,b2e16a3a717e97095fc84b7714b523b1,会展中心站,2016-11-11 08:27:20,subway_off,5b03503032802a9f9617670e52c2bcf8,1
1359,11a3b9066b5c8b2a5223a9b0d2b84af7,龙华,2016-11-11 07:59:04,subway_on,08c1dc20f5d708b9d2619635adab628c,0
1530,b2e16a3a717e97095fc84b7714b523b1,会展中心站,2016-11-11 08:32:40,subway_off,08c1dc20f5d708b9d2619635adab628c,1
1359,11a3b9066b5c8b2a5223a9b0d2b84af7,龙华,2016-11-11 07:57:18,subway_on,f78bc3261c9163c0f9b63ad14f6a22b3,0
1530,b2e16a3a717e97095fc84b7714b523b1,会展中心站,2016-11-11 08:33:03,subway_off,f78bc3261c9163c0f9b63ad14f6a22b3,1
1359,11a3b9066b5c8b2a5223a9b0d2b84af7,龙华,2016-11-11 07:44:32,subway_on,6fdbd80e5aea6f143a14fdc19f85d4c2,0
1530,b2e16a3a717e97095fc84b7714b523b1,会展中心站,2016-11-11 08:16:31,subway_off,6fdbd80e5aea6f143a14fdc19f85d4c2,1
1359,11a3b9066b5c8b2a5223a9b0d2b84af7,龙华,2016-11-11 07:57:08,subway_on,f1bc109e4aa8f57a85b9dc16d54bdaa5,0
1530,b2e16a3a717e97095fc84b7714b523b1,会展中心站,2016-11-11 08:28:01,subway_off,f1bc109e4aa8f57a85b9dc16d54bdaa5,1
1359,11a3b9066b5c8b2a5223a9b0d2b84af7,龙华,2016-11-11 08:09:40,subway_on,82c81cb70a9a7b6b2d354d7cfa6a43dd,0
1530,b2e16a3a717e97095fc84b7714b523b1,会展中心站,2016-11-11 08:48:29,subway_off,82c81cb70a9a7b6b2d354d7cfa6a43dd,1
1359,11a3b9066b5c8b2a5223a9b0d2b84af7,龙华,2016-11-11 07:39:10,subway_on,cb4b428e86dc101be6cb2741ab9f69e4,0
1530,b2e16a3a717e97095fc84b7714b523b1,会展中心站,2016-11-11 08:12:23,subway_off,cb4b428e86dc101be6cb2741ab9f69e4,1
1359,11a3b9066b5c8b2a5223a9b0d2b84af7,龙华,2016-11-11 08:21:58,subway_on,f7043d464c3547180b1107cd0d855769,0
1530,b2e16a3a717e97095fc84b7714b523b1,会展中心站,2016-11-11 08:53:20,subway_off,f7043d464c3547180b1107cd0d855769,1
1359,11a3b9066b5c8b2a5223a9b0d2b84af7,龙华,2016-11-11 07:24:26,subway_on,fc4da8c54cd1e552087f3bbaaceb1667,0
1530,b2e16a3a717e97095fc84b7714b523b1,会展中心站,2016-11-11 07:53:01,subway_off,fc4da8c54cd1e552087f3bbaaceb1667,1
1359,11a3b9066b5c8b2a5223a9b0d2b84af7,龙华,2016-11-11 07:56:40,subway_on,4bb48152e42f69e3c520621be522c108,0
1530,b2e16a3a717e97095fc84b7714b523b1,会展中心站,2016-11-11 08:39:53,subway_off,4bb48152e42f69e3c520621be522c108,1
1359,11a3b9066b5c8b2a5223a9b0d2b84af7,龙华,2016-11-11 07:41:44,subway_on,af097406e19c59a7f5aa0f99afa0b626,0
1530,b2e16a3a717e97095fc84b7714b523b1,会展中心站,2016-11-11 08:16:17,subway_off,af097406e19c59a7f5aa0f99afa0b626,1
1359,11a3b9066b5c8b2a5223a9b0d2b84af7,龙华,2016-11-11 08:01:10,subway_on,141137b6b582b626bb2456f06c571c03,0
1530,b2e16a3a717e97095fc84b7714b523b1,会展中心站,2016-11-11 08:42:52,subway_off,141137b6b582b626bb2456f06c571c03,1
1359,11a3b9066b5c8b2a5223a9b0d2b84af7,龙华,2016-11-11 07:58:38,subway_on,42f70bf43d037468ade7a53a7c5d750c,0
1530,b2e16a3a717e97095fc84b7714b523b1,会展中心站,2016-11-11 08:34:20,subway_off,42f70bf43d037468ade7a53a7c5d750c,1
1359,11a3b9066b5c8b2a5223a9b0d2b84af7,龙华,2016-11-11 07:45:24,subway_on,f97a2db0ee35a75d093accdaabe5103c,0
1530,b2e16a3a717e97095fc84b7714b523b1,会展中心站,2016-11-11 08:16:02,subway_off,f97a2db0ee35a75d093accdaabe5103c,1
1359,11a3b9066b5c8b2a5223a9b0d2b84af7,龙华,2016-11-11 07:56:28,subway_on,d3c40bf3675c384a40ab4a8a064b93a1,0
1530,b2e16a3a717e97095fc84b7714b523b1,会展中心站,2016-11-11 08:39:35,subway_off,d3c40bf3675c384a40ab4a8a064b93a1,1
1359,11a3b9066b5c8b2a5223a9b0d2b84af7,龙华,2016-11-11 07:51:14,subway_on,07faf298e84e1e4966d3336172f4120e,0
1530,b2e16a3a717e97095fc84b7714b523b1,会展中心站,2016-11-11 08:22:05,subway_off,07faf298e84e1e4966d3336172f4120e,1
1359,11a3b9066b5c8b2a5223a9b0d2b84af7,龙华,2016-11-11 08:05:38,subway_on,93227c7e71f079983058c477353db21b,0
1530,b2e16a3a717e97095fc84b7714b523b1,会展中心站,2016-11-11 08:38:04,subway_off,93227c7e71f079983058c477353db21b,1
1359,11a3b9066b5c8b2a5223a9b0d2b84af7,龙华,2016-11-11 07:28:38,subway_on,daa68af9f638cadb007474b119b4afda,0
1530,125bdba3df68377af1aa70a5e80b23eb,购物公园站,2016-11-11 08:07:20,subway_off,daa68af9f638cadb007474b119b4afda,1
1359,11a3b9066b5c8b2a5223a9b0d2b84af7,龙华,2016-11-11 08:22:22,subway_on,3b25f098e4d8b1b05ecd027a8f0b6673,0
1530,b2e16a3a717e97095fc84b7714b523b1,会展中心站,2016-11-11 08:55:30,subway_off,3b25f098e4d8b1b05ecd027a8f0b6673,1
1530,b2e16a3a717e97095fc84b7714b523b1,会展中心站,2016-11-11 08:58:29,subway_on,3b25f098e4d8b1b05ecd027a8f0b6673,2
1359,11a3b9066b5c8b2a5223a9b0d2b84af7,龙华,2016-11-11 07:41:02,subway_on,e35b6ce7b92c07be079f50cbb388f50b,0
1530,b2e16a3a717e97095fc84b7714b523b1,会展中心站,2016-11-11 08:12:18,subway_off,e35b6ce7b92c07be079f50cbb388f50b,1
1359,11a3b9066b5c8b2a5223a9b0d2b84af7,龙华,2016-11-11 08:08:22,subway_on,dbd360f6b9cfbcb216738b6fef628b11,0
1530,b2e16a3a717e97095fc84b7714b523b1,会展中心站,2016-11-11 08:43:16,subway_off,dbd360f6b9cfbcb216738b6fef628b11,1
1359,11a3b9066b5c8b2a5223a9b0d2b84af7,龙华,2016-11-11 07:43:42,subway_on,f31784376b78fc828cc4d28075755819,0
1530,b2e16a3a717e97095fc84b7714b523b1,会展中心站,2016-11-11 08:16:49,subway_off,f31784376b78fc828cc4d28075755819,1
1359,11a3b9066b5c8b2a5223a9b0d2b84af7,龙华,2016-11-11 08:21:50,subway_on,fafb36c5eac06771d6e8d8f0ba5155ee,0
1530,b2e16a3a717e97095fc84b7714b523b1,会展中心站,2016-11-11 08:52:56,subway_off,fafb36c5eac06771d6e8d8f0ba5155ee,1
1359,11a3b9066b5c8b2a5223a9b0d2b84af7,龙华,2016-11-11 07:58:54,subway_on,017c6275b70754cfbc846d800d349114,0
1530,b2e16a3a717e97095fc84b7714b523b1,会展中心站,2016-11-11 08:43:37,subway_off,017c6275b70754cfbc846d800d349114,1
1359,11a3b9066b5c8b2a5223a9b0d2b84af7,龙华,2016-11-11 07:10:24,subway_on,5c54bddbfaef76ab20905b5ad40c9473,0
1530,b2e16a3a717e97095fc84b7714b523b1,会展中心站,2016-11-11 07:39:21,subway_off,5c54bddbfaef76ab20905b5ad40c9473,1
1359,11a3b9066b5c8b2a5223a9b0d2b84af7,龙华,2016-11-11 07:37:26,subway_on,e826ec178ffad75117f567ccd2a72c3c,0
1530,b2e16a3a717e97095fc84b7714b523b1,会展中心站,2016-11-11 08:18:21,subway_off,e826ec178ffad75117f567ccd2a72c3c,1
1359,11a3b9066b5c8b2a5223a9b0d2b84af7,龙华,2016-11-11 08:23:14,subway_on,754af38de1e22421e1526f7468c80c2b,0
1530,b2e16a3a717e97095fc84b7714b523b1,会展中心站,2016-11-11 08:57:07,subway_off,754af38de1e22421e1526f7468c80c2b,1
1359,11a3b9066b5c8b2a5223a9b0d2b84af7,龙华,2016-11-11 07:30:50,subway_on,62bafa123829d982c5505e1a1e5a51d8,0
1530,125bdba3df68377af1aa70a5e80b23eb,购物公园站,2016-11-11 08:16:46,subway_off,62bafa123829d982c5505e1a1e5a51d8,1
1359,11a3b9066b5c8b2a5223a9b0d2b84af7,龙华,2016-11-11 07:57:20,subway_on,71eec7c4b1be487a08bf172a0e21c09a,0
1530,b2e16a3a717e97095fc84b7714b523b1,会展中心站,2016-11-11 08:33:06,subway_off,71eec7c4b1be487a08bf172a0e21c09a,1
1359,11a3b9066b5c8b2a5223a9b0d2b84af7,龙华,2016-11-11 07:53:14,subway_on,f1ece76a9cff7033416533d39efdf8b0,0
1530,b2e16a3a717e97095fc84b7714b523b1,会展中心站,2016-11-11 08:28:11,subway_off,f1ece76a9cff7033416533d39efdf8b0,1
1359,11a3b9066b5c8b2a5223a9b0d2b84af7,龙华,2016-11-11 07:29:12,subway_on,749ec7f6937f658ebe6915d594dd45c6,0
1530,b2e16a3a717e97095fc84b7714b523b1,会展中心站,2016-11-11 08:03:23,subway_off,749ec7f6937f658ebe6915d594dd45c6,1
1359,11a3b9066b5c8b2a5223a9b0d2b84af7,龙华,2016-11-11 07:45:46,subway_on,5ecbf22b56bdb71b832cc418d4874ebe,0
1530,b2e16a3a717e97095fc84b7714b523b1,会展中心站,2016-11-11 08:28:50,subway_off,5ecbf22b56bdb71b832cc418d4874ebe,1
