grid_id,key,route,time,type,Unnamed: 0,card,stage
1860,fea6553fa90f3c101826a6cb06ce5122,GF32,2016-11-02 07:28:08,bus_on,26025.0,2ad6f9759b3111221f7b75090d8086d5,0
1807,fea6553fa90f3c101826a6cb06ce5122,GF32,2016-11-02 08:01:49,bus_off,26025.0,2ad6f9759b3111221f7b75090d8086d5,1
1860,fea6553fa90f3c101826a6cb06ce5122,GF32,2016-11-02 08:35:55,bus_on,26033.0,0a78ae26efadcb20c33ba33a05da2cbc,0
1807,fea6553fa90f3c101826a6cb06ce5122,GF32,2016-11-02 08:57:32,bus_off,26033.0,0a78ae26efadcb20c33ba33a05da2cbc,1
1860,53a04bccaf70ea543e32e33ccdde36b2,371路,2016-11-02 07:38:48,bus_on,46538.0,ce51dae7e8cdf8a4b8741aa0f4745790,0
1860,53a04bccaf70ea543e32e33ccdde36b2,371路,2016-11-02 07:43:27,bus_off,46538.0,ce51dae7e8cdf8a4b8741aa0f4745790,1
1860,3c9424ecdcf188cb52276f3f670b92ed,木棉湾,2016-11-02 07:48:32,subway_on,46538.0,ce51dae7e8cdf8a4b8741aa0f4745790,2
1807,b37d1971fd56949d89a73320bbf45098,老街,2016-11-02 08:12:47,subway_off,46538.0,ce51dae7e8cdf8a4b8741aa0f4745790,3
1860,3c9424ecdcf188cb52276f3f670b92ed,木棉湾,2016-11-02 08:02:20,subway_on,64884.0,2ff767222c8ecdfc4e850acee6d5e2e0,0
1807,b37d1971fd56949d89a73320bbf45098,老街,2016-11-02 08:26:32,subway_off,64884.0,2ff767222c8ecdfc4e850acee6d5e2e0,1
1860,3c9424ecdcf188cb52276f3f670b92ed,木棉湾,2016-11-02 07:36:37,subway_on,64892.0,c01fa53e06e8abd583775dcaf011a4dd,0
1807,b37d1971fd56949d89a73320bbf45098,老街,2016-11-02 07:57:47,subway_off,64892.0,c01fa53e06e8abd583775dcaf011a4dd,1
1860,3c9424ecdcf188cb52276f3f670b92ed,木棉湾,2016-11-02 08:18:20,subway_on,64893.0,ec25fa45342ecc4d098e5e86f59d6aec,0
1807,b37d1971fd56949d89a73320bbf45098,老街,2016-11-02 08:42:05,subway_off,64893.0,ec25fa45342ecc4d098e5e86f59d6aec,1
1860,3c9424ecdcf188cb52276f3f670b92ed,木棉湾,2016-11-02 07:47:22,subway_on,64896.0,6852d425f1a25edb62fc6e46dbbab092,0
1807,944fd931c5d98b51671886471aef13c0,国贸站,2016-11-02 08:20:35,subway_off,64896.0,6852d425f1a25edb62fc6e46dbbab092,1
1860,3c9424ecdcf188cb52276f3f670b92ed,木棉湾,2016-11-02 08:21:18,subway_on,64899.0,fea5e9423ce4ce2e25030e3e37421874,0
1807,b37d1971fd56949d89a73320bbf45098,老街,2016-11-02 08:49:15,subway_off,64899.0,fea5e9423ce4ce2e25030e3e37421874,1
1860,3c9424ecdcf188cb52276f3f670b92ed,木棉湾,2016-11-02 08:14:21,subway_on,64901.0,e9a78fb48d8ef3c4c9d9bd0b9ea64a2a,0
1807,944fd931c5d98b51671886471aef13c0,国贸站,2016-11-02 08:47:19,subway_off,64901.0,e9a78fb48d8ef3c4c9d9bd0b9ea64a2a,1
1860,3c9424ecdcf188cb52276f3f670b92ed,木棉湾,2016-11-02 08:28:37,subway_on,64910.0,3ba959acc7bd1ecee2d11b2dbcb3cb5d,0
1807,b37d1971fd56949d89a73320bbf45098,老街,2016-11-02 08:53:49,subway_off,64910.0,3ba959acc7bd1ecee2d11b2dbcb3cb5d,1
1860,3c9424ecdcf188cb52276f3f670b92ed,木棉湾,2016-11-02 07:47:47,subway_on,64922.0,9376b7ee19289289dd431be0fa529f71,0
1807,944fd931c5d98b51671886471aef13c0,国贸站,2016-11-02 08:16:02,subway_off,64922.0,9376b7ee19289289dd431be0fa529f71,1
1860,3c9424ecdcf188cb52276f3f670b92ed,木棉湾,2016-11-02 07:11:51,subway_on,64923.0,ad14548f7a1a3624f059d8dfaa4e9b1c,0
1807,944fd931c5d98b51671886471aef13c0,国贸站,2016-11-02 07:35:53,subway_off,64923.0,ad14548f7a1a3624f059d8dfaa4e9b1c,1
1860,3c9424ecdcf188cb52276f3f670b92ed,木棉湾,2016-11-02 07:55:48,subway_on,64939.0,663365baf97a34691a365c20cbf3e208,0
1807,944fd931c5d98b51671886471aef13c0,国贸站,2016-11-02 08:29:24,subway_off,64939.0,663365baf97a34691a365c20cbf3e208,1
1860,3c9424ecdcf188cb52276f3f670b92ed,木棉湾,2016-11-02 08:10:23,subway_on,64941.0,25d18c60d6c8e5aef1255f6102bc2f50,0
1807,944fd931c5d98b51671886471aef13c0,国贸站,2016-11-02 08:45:15,subway_off,64941.0,25d18c60d6c8e5aef1255f6102bc2f50,1
1860,3c9424ecdcf188cb52276f3f670b92ed,木棉湾,2016-11-02 08:17:43,subway_on,64994.0,1dc60031b63a4dbac458994ad8a59d51,0
1807,b37d1971fd56949d89a73320bbf45098,老街,2016-11-02 08:41:23,subway_off,64994.0,1dc60031b63a4dbac458994ad8a59d51,1
1860,3c9424ecdcf188cb52276f3f670b92ed,木棉湾,2016-11-02 07:49:29,subway_on,65007.0,040ec0371c258440f6edc74a765d9997,0
1807,b37d1971fd56949d89a73320bbf45098,老街,2016-11-02 08:19:16,subway_off,65007.0,040ec0371c258440f6edc74a765d9997,1
1860,3c9424ecdcf188cb52276f3f670b92ed,木棉湾,2016-11-02 08:15:10,subway_on,65013.0,3479086573278d30eb950e9c1efced35,0
1807,b37d1971fd56949d89a73320bbf45098,老街,2016-11-02 08:46:36,subway_off,65013.0,3479086573278d30eb950e9c1efced35,1
1860,3c9424ecdcf188cb52276f3f670b92ed,木棉湾,2016-11-02 07:42:31,subway_on,65017.0,bd06c788af088ba9cfd4ec68b847bbe0,0
1807,944fd931c5d98b51671886471aef13c0,国贸站,2016-11-02 08:07:15,subway_off,65017.0,bd06c788af088ba9cfd4ec68b847bbe0,1
1860,3c9424ecdcf188cb52276f3f670b92ed,木棉湾,2016-11-02 08:00:34,subway_on,65018.0,d0def3dfe5bdcf569f06d3bbafed7e24,0
1807,944fd931c5d98b51671886471aef13c0,国贸站,2016-11-02 08:33:15,subway_off,65018.0,d0def3dfe5bdcf569f06d3bbafed7e24,1
1860,3c9424ecdcf188cb52276f3f670b92ed,木棉湾,2016-11-02 07:54:16,subway_on,65035.0,7ac56dc2de5676576a6ac16493e6d04b,0
1807,b37d1971fd56949d89a73320bbf45098,老街,2016-11-02 08:16:17,subway_off,65035.0,7ac56dc2de5676576a6ac16493e6d04b,1
1860,3c9424ecdcf188cb52276f3f670b92ed,木棉湾,2016-11-02 07:30:36,subway_on,65054.0,793db6f7591bf1241dac65342a453f9a,0
1807,944fd931c5d98b51671886471aef13c0,国贸站,2016-11-02 07:54:11,subway_off,65054.0,793db6f7591bf1241dac65342a453f9a,1
1860,3c9424ecdcf188cb52276f3f670b92ed,木棉湾,2016-11-02 07:40:21,subway_on,65071.0,a7f396c85a8d1dfe16c5f4e4a873f556,0
1807,944fd931c5d98b51671886471aef13c0,国贸站,2016-11-02 08:20:05,subway_off,65071.0,a7f396c85a8d1dfe16c5f4e4a873f556,1
1860,3c9424ecdcf188cb52276f3f670b92ed,木棉湾,2016-11-02 07:24:22,subway_on,65109.0,53ce97350867e88e1ce86cd4ddfc7c51,0
1807,944fd931c5d98b51671886471aef13c0,国贸站,2016-11-02 07:49:03,subway_off,65109.0,53ce97350867e88e1ce86cd4ddfc7c51,1
1860,3c9424ecdcf188cb52276f3f670b92ed,木棉湾,2016-11-02 08:09:14,subway_on,65118.0,fd8211d6c7af1ee291f5a5fda22eeb40,0
1807,b37d1971fd56949d89a73320bbf45098,老街,2016-11-02 08:42:30,subway_off,65118.0,fd8211d6c7af1ee291f5a5fda22eeb40,1
1860,3c9424ecdcf188cb52276f3f670b92ed,木棉湾,2016-11-02 08:03:25,subway_on,65120.0,64c304a3003611ece5fe2b371bb4d59c,0
1807,b37d1971fd56949d89a73320bbf45098,老街,2016-11-02 08:29:27,subway_off,65120.0,64c304a3003611ece5fe2b371bb4d59c,1
1860,3c9424ecdcf188cb52276f3f670b92ed,木棉湾,2016-11-02 08:04:43,subway_on,65124.0,31099a00f72f71813a5eb9aab43282de,0
1807,944fd931c5d98b51671886471aef13c0,国贸站,2016-11-02 08:44:27,subway_off,65124.0,31099a00f72f71813a5eb9aab43282de,1
1860,3c9424ecdcf188cb52276f3f670b92ed,木棉湾,2016-11-02 07:38:35,subway_on,65140.0,f2726c75185d867eefee2fbee1bc3d92,0
1807,b37d1971fd56949d89a73320bbf45098,老街,2016-11-02 08:00:18,subway_off,65140.0,f2726c75185d867eefee2fbee1bc3d92,1
1860,3c9424ecdcf188cb52276f3f670b92ed,木棉湾,2016-11-02 07:02:10,subway_on,65154.0,fccc621ae1e872853eb6aa613ed7c381,0
1807,b37d1971fd56949d89a73320bbf45098,老街,2016-11-02 07:25:04,subway_off,65154.0,fccc621ae1e872853eb6aa613ed7c381,1
1860,3c9424ecdcf188cb52276f3f670b92ed,木棉湾,2016-11-02 08:02:47,subway_on,65159.0,5c94f86296bf8025aed60b6b1d713e1e,0
1807,b37d1971fd56949d89a73320bbf45098,老街,2016-11-02 08:29:47,subway_off,65159.0,5c94f86296bf8025aed60b6b1d713e1e,1
1860,3c9424ecdcf188cb52276f3f670b92ed,木棉湾,2016-11-02 07:51:22,subway_on,65190.0,a4311d19036873dd48127ec3c8c0f3a1,0
1807,944fd931c5d98b51671886471aef13c0,国贸站,2016-11-02 08:20:16,subway_off,65190.0,a4311d19036873dd48127ec3c8c0f3a1,1
1860,3c9424ecdcf188cb52276f3f670b92ed,木棉湾,2016-11-02 07:38:46,subway_on,65196.0,f4d62ac8b679901201edfd419644f522,0
1807,944fd931c5d98b51671886471aef13c0,国贸站,2016-11-02 08:18:05,subway_off,65196.0,f4d62ac8b679901201edfd419644f522,1
1860,3c9424ecdcf188cb52276f3f670b92ed,木棉湾,2016-11-02 07:53:19,subway_on,65212.0,2f1f03ffb939593f5b80c8892ba7d92d,0
1807,944fd931c5d98b51671886471aef13c0,国贸站,2016-11-02 08:33:50,subway_off,65212.0,2f1f03ffb939593f5b80c8892ba7d92d,1
1860,3c9424ecdcf188cb52276f3f670b92ed,木棉湾,2016-11-02 08:05:24,subway_on,65217.0,b8fd516261b8ab22696f06f5d2a3344d,0
1807,944fd931c5d98b51671886471aef13c0,国贸站,2016-11-02 08:36:11,subway_off,65217.0,b8fd516261b8ab22696f06f5d2a3344d,1
1860,3c9424ecdcf188cb52276f3f670b92ed,木棉湾,2016-11-02 07:31:09,subway_on,65218.0,1d7b3b3c60ffea742d6b52ddbc1d7a1b,0
1807,b37d1971fd56949d89a73320bbf45098,老街,2016-11-02 07:53:27,subway_off,65218.0,1d7b3b3c60ffea742d6b52ddbc1d7a1b,1
1860,3c9424ecdcf188cb52276f3f670b92ed,木棉湾,2016-11-02 08:07:18,subway_on,65220.0,f08bd3d3dd4bd36f5033b73e29cf215c,0
1807,b37d1971fd56949d89a73320bbf45098,老街,2016-11-02 08:44:50,subway_off,65220.0,f08bd3d3dd4bd36f5033b73e29cf215c,1
1860,3c9424ecdcf188cb52276f3f670b92ed,木棉湾,2016-11-02 08:00:28,subway_on,65243.0,10384337ac16dbe28c9a9e4be3687997,0
1807,944fd931c5d98b51671886471aef13c0,国贸站,2016-11-02 08:36:47,subway_off,65243.0,10384337ac16dbe28c9a9e4be3687997,1
1860,3c9424ecdcf188cb52276f3f670b92ed,木棉湾,2016-11-02 07:26:48,subway_on,65255.0,02894108bc1690cd8345aa1feec11d41,0
1807,b37d1971fd56949d89a73320bbf45098,老街,2016-11-02 07:47:35,subway_off,65255.0,02894108bc1690cd8345aa1feec11d41,1
1860,3c9424ecdcf188cb52276f3f670b92ed,木棉湾,2016-11-02 08:02:25,subway_on,65289.0,3429fc68b2c736a7e18043f6948de4c5,0
1807,944fd931c5d98b51671886471aef13c0,国贸站,2016-11-02 08:37:20,subway_off,65289.0,3429fc68b2c736a7e18043f6948de4c5,1
1860,3c9424ecdcf188cb52276f3f670b92ed,木棉湾,2016-11-02 08:12:41,subway_on,65304.0,d10615606829d649ff2c0bd7ad4dc118,0
1807,944fd931c5d98b51671886471aef13c0,国贸站,2016-11-02 08:42:03,subway_off,65304.0,d10615606829d649ff2c0bd7ad4dc118,1
1860,3c9424ecdcf188cb52276f3f670b92ed,木棉湾,2016-11-02 08:00:36,subway_on,65311.0,9ea125310a3a76c5b21feae5b1c3978e,0
1807,b37d1971fd56949d89a73320bbf45098,老街,2016-11-02 08:32:48,subway_off,65311.0,9ea125310a3a76c5b21feae5b1c3978e,1
1860,3c9424ecdcf188cb52276f3f670b92ed,木棉湾,2016-11-02 08:06:53,subway_on,65314.0,555dbae0f65d9bab7465ea139d7b6d8a,0
1807,b37d1971fd56949d89a73320bbf45098,老街,2016-11-02 08:36:48,subway_off,65314.0,555dbae0f65d9bab7465ea139d7b6d8a,1
1860,3c9424ecdcf188cb52276f3f670b92ed,木棉湾,2016-11-02 08:31:07,subway_on,65361.0,07c6051926dbff83014545c54599e5b4,0
1807,b37d1971fd56949d89a73320bbf45098,老街,2016-11-02 08:55:20,subway_off,65361.0,07c6051926dbff83014545c54599e5b4,1
1860,3c9424ecdcf188cb52276f3f670b92ed,木棉湾,2016-11-02 08:23:18,subway_on,65363.0,9d9fce20422af4d3ba1dc0753754eec6,0
1807,b37d1971fd56949d89a73320bbf45098,老街,2016-11-02 08:51:57,subway_off,65363.0,9d9fce20422af4d3ba1dc0753754eec6,1
1860,3c9424ecdcf188cb52276f3f670b92ed,木棉湾,2016-11-02 07:52:00,subway_on,65369.0,ec4ab9518c68820071270dfee2029512,0
1807,944fd931c5d98b51671886471aef13c0,国贸站,2016-11-02 08:22:51,subway_off,65369.0,ec4ab9518c68820071270dfee2029512,1
1860,3c9424ecdcf188cb52276f3f670b92ed,木棉湾,2016-11-02 07:48:36,subway_on,65383.0,bb7090bf9693509bf2faf907c4fd3094,0
1807,944fd931c5d98b51671886471aef13c0,国贸站,2016-11-02 08:47:40,subway_off,65383.0,bb7090bf9693509bf2faf907c4fd3094,1
1860,3c9424ecdcf188cb52276f3f670b92ed,木棉湾,2016-11-02 07:46:55,subway_on,65385.0,6d06275069175271bfca584872a30c56,0
1807,b37d1971fd56949d89a73320bbf45098,老街,2016-11-02 08:13:46,subway_off,65385.0,6d06275069175271bfca584872a30c56,1
1860,3c9424ecdcf188cb52276f3f670b92ed,木棉湾,2016-11-02 07:43:51,subway_on,65396.0,709f35b248fe76639cde735729109415,0
1807,b37d1971fd56949d89a73320bbf45098,老街,2016-11-02 08:09:03,subway_off,65396.0,709f35b248fe76639cde735729109415,1
1860,3c9424ecdcf188cb52276f3f670b92ed,木棉湾,2016-11-02 08:20:52,subway_on,65413.0,30e14f6193e913d92ce43cf64ae8b728,0
1807,944fd931c5d98b51671886471aef13c0,国贸站,2016-11-02 08:52:32,subway_off,65413.0,30e14f6193e913d92ce43cf64ae8b728,1
1860,3c9424ecdcf188cb52276f3f670b92ed,木棉湾,2016-11-02 07:46:18,subway_on,65440.0,c228f148dba8dae98115f6ee0b40d30f,0
1807,b37d1971fd56949d89a73320bbf45098,老街,2016-11-02 08:08:25,subway_off,65440.0,c228f148dba8dae98115f6ee0b40d30f,1
1860,3c9424ecdcf188cb52276f3f670b92ed,木棉湾,2016-11-02 07:59:59,subway_on,65450.0,ca93167fe0bf5d3b86b1d09bef8655cd,0
1807,944fd931c5d98b51671886471aef13c0,国贸站,2016-11-02 08:33:40,subway_off,65450.0,ca93167fe0bf5d3b86b1d09bef8655cd,1
1860,3c9424ecdcf188cb52276f3f670b92ed,木棉湾,2016-11-02 08:23:26,subway_on,65455.0,e456cc243684a3a45cfefa9f8e6fff0e,0
1807,b37d1971fd56949d89a73320bbf45098,老街,2016-11-02 08:49:48,subway_off,65455.0,e456cc243684a3a45cfefa9f8e6fff0e,1
1860,3c9424ecdcf188cb52276f3f670b92ed,木棉湾,2016-11-02 08:20:32,subway_on,65476.0,5102094566be5ae0893fcf4004095d34,0
1807,944fd931c5d98b51671886471aef13c0,国贸站,2016-11-02 08:53:42,subway_off,65476.0,5102094566be5ae0893fcf4004095d34,1
1860,3c9424ecdcf188cb52276f3f670b92ed,木棉湾,2016-11-02 08:21:37,subway_on,65478.0,7c6e0cd9c8b31ffc4d4908b5a37b4911,0
1855,b6b417f1289d450330ce1cd4f8df6c00,翠竹,2016-11-02 08:42:13,subway_off,65478.0,7c6e0cd9c8b31ffc4d4908b5a37b4911,1
1808,1d6facbd3bc4b319aacd42ebcd6d562a,242路,2016-11-02 08:44:28,bus_on,65478.0,7c6e0cd9c8b31ffc4d4908b5a37b4911,2
1807,1d6facbd3bc4b319aacd42ebcd6d562a,242路,2016-11-02 08:49:12,bus_off,65478.0,7c6e0cd9c8b31ffc4d4908b5a37b4911,3
1860,3c9424ecdcf188cb52276f3f670b92ed,木棉湾,2016-11-02 07:50:33,subway_on,65480.0,6b1225a6e3a142330e5079880c275a61,0
1807,b37d1971fd56949d89a73320bbf45098,老街,2016-11-02 08:14:53,subway_off,65480.0,6b1225a6e3a142330e5079880c275a61,1
1860,3c9424ecdcf188cb52276f3f670b92ed,木棉湾,2016-11-02 08:04:20,subway_on,65486.0,118e454a47e9b8b1c80277ce1cef7a68,0
1807,b37d1971fd56949d89a73320bbf45098,老街,2016-11-02 08:29:04,subway_off,65486.0,118e454a47e9b8b1c80277ce1cef7a68,1
1860,3c9424ecdcf188cb52276f3f670b92ed,木棉湾,2016-11-02 08:05:25,subway_on,65488.0,dd65ac0bf058cf869c32dc7d55f09281,0
1807,944fd931c5d98b51671886471aef13c0,国贸站,2016-11-02 08:53:16,subway_off,65488.0,dd65ac0bf058cf869c32dc7d55f09281,1
1860,3c9424ecdcf188cb52276f3f670b92ed,木棉湾,2016-11-02 08:31:23,subway_on,65495.0,0474c3a07dd08e403d3e9bffbcda0660,0
1807,b37d1971fd56949d89a73320bbf45098,老街,2016-11-02 08:53:16,subway_off,65495.0,0474c3a07dd08e403d3e9bffbcda0660,1
1860,3c9424ecdcf188cb52276f3f670b92ed,木棉湾,2016-11-02 08:06:27,subway_on,65496.0,e8433fe900d0d8c651ad2f2bad446db1,0
1807,b37d1971fd56949d89a73320bbf45098,老街,2016-11-02 08:32:12,subway_off,65496.0,e8433fe900d0d8c651ad2f2bad446db1,1
1860,3c9424ecdcf188cb52276f3f670b92ed,木棉湾,2016-11-02 08:23:56,subway_on,65512.0,1cd5753bf45654b569e1118120ba4669,0
1807,944fd931c5d98b51671886471aef13c0,国贸站,2016-11-02 08:52:51,subway_off,65512.0,1cd5753bf45654b569e1118120ba4669,1
1860,3c9424ecdcf188cb52276f3f670b92ed,木棉湾,2016-11-02 08:06:27,subway_on,65520.0,cd3bd20abe78fc41abab5153ee21ddcd,0
1807,944fd931c5d98b51671886471aef13c0,国贸站,2016-11-02 08:37:00,subway_off,65520.0,cd3bd20abe78fc41abab5153ee21ddcd,1
1860,3c9424ecdcf188cb52276f3f670b92ed,木棉湾,2016-11-02 08:29:25,subway_on,65521.0,c153b909c3c7b524476c7c6216273a04,0
1807,b37d1971fd56949d89a73320bbf45098,老街,2016-11-02 08:53:54,subway_off,65521.0,c153b909c3c7b524476c7c6216273a04,1
1860,3c9424ecdcf188cb52276f3f670b92ed,木棉湾,2016-11-02 08:14:17,subway_on,65534.0,a769a3c557ab2b93b3ae4f9498cb3fc3,0
1807,944fd931c5d98b51671886471aef13c0,国贸站,2016-11-02 08:45:46,subway_off,65534.0,a769a3c557ab2b93b3ae4f9498cb3fc3,1
1860,3c9424ecdcf188cb52276f3f670b92ed,木棉湾,2016-11-02 08:28:24,subway_on,65548.0,06d3c8630b8c633d3593d21bc613e064,0
1807,944fd931c5d98b51671886471aef13c0,国贸站,2016-11-02 08:56:57,subway_off,65548.0,06d3c8630b8c633d3593d21bc613e064,1
1860,3c9424ecdcf188cb52276f3f670b92ed,木棉湾,2016-11-02 07:54:14,subway_on,65549.0,22d9149bce6a5c3fb381a529a2f38cb3,0
1807,b37d1971fd56949d89a73320bbf45098,老街,2016-11-02 08:16:13,subway_off,65549.0,22d9149bce6a5c3fb381a529a2f38cb3,1
1860,3c9424ecdcf188cb52276f3f670b92ed,木棉湾,2016-11-02 07:58:17,subway_on,65550.0,46211450c31faf32e4bca98a725f85c7,0
1807,b37d1971fd56949d89a73320bbf45098,老街,2016-11-02 08:33:02,subway_off,65550.0,46211450c31faf32e4bca98a725f85c7,1
1860,3c9424ecdcf188cb52276f3f670b92ed,木棉湾,2016-11-02 07:44:09,subway_on,65583.0,da589f409d09a83e2b63eb65dc58142f,0
1807,b37d1971fd56949d89a73320bbf45098,老街,2016-11-02 08:08:31,subway_off,65583.0,da589f409d09a83e2b63eb65dc58142f,1
1860,3c9424ecdcf188cb52276f3f670b92ed,木棉湾,2016-11-02 07:55:54,subway_on,65598.0,5097d72a09cae1030775f4579a221432,0
1807,944fd931c5d98b51671886471aef13c0,国贸站,2016-11-02 08:25:49,subway_off,65598.0,5097d72a09cae1030775f4579a221432,1
1860,3c9424ecdcf188cb52276f3f670b92ed,木棉湾,2016-11-02 08:31:01,subway_on,65601.0,ac1990f23f0c0d56d2713ff2d0637a42,0
1807,b37d1971fd56949d89a73320bbf45098,老街,2016-11-02 08:50:54,subway_off,65601.0,ac1990f23f0c0d56d2713ff2d0637a42,1
1860,3c9424ecdcf188cb52276f3f670b92ed,木棉湾,2016-11-02 08:30:56,subway_on,65618.0,5030181ae32bfc7791f0b921e2d9676d,0
1807,b37d1971fd56949d89a73320bbf45098,老街,2016-11-02 08:50:56,subway_off,65618.0,5030181ae32bfc7791f0b921e2d9676d,1
1860,3c9424ecdcf188cb52276f3f670b92ed,木棉湾,2016-11-02 07:36:54,subway_on,65625.0,91de5c3c8d5850f566bfb51cc3d8e5b7,0
1807,944fd931c5d98b51671886471aef13c0,国贸站,2016-11-02 08:02:54,subway_off,65625.0,91de5c3c8d5850f566bfb51cc3d8e5b7,1
1860,3c9424ecdcf188cb52276f3f670b92ed,木棉湾,2016-11-02 08:30:11,subway_on,65629.0,ab4203e7572b8e5205a1b66bf81d6963,0
1807,b37d1971fd56949d89a73320bbf45098,老街,2016-11-02 08:53:23,subway_off,65629.0,ab4203e7572b8e5205a1b66bf81d6963,1
1860,3c9424ecdcf188cb52276f3f670b92ed,木棉湾,2016-11-02 07:41:53,subway_on,65639.0,6047d67adb8f7c01a824ef738d2e8858,0
1807,944fd931c5d98b51671886471aef13c0,国贸站,2016-11-02 08:21:54,subway_off,65639.0,6047d67adb8f7c01a824ef738d2e8858,1
1860,3c9424ecdcf188cb52276f3f670b92ed,木棉湾,2016-11-02 08:08:57,subway_on,65640.0,9dd647f335c6bc162a31d126adcd365b,0
1807,944fd931c5d98b51671886471aef13c0,国贸站,2016-11-02 08:39:21,subway_off,65640.0,9dd647f335c6bc162a31d126adcd365b,1
1860,3c9424ecdcf188cb52276f3f670b92ed,木棉湾,2016-11-02 08:19:05,subway_on,65669.0,b171bdd8bc076e34e3fb8ffa612f0bed,0
1807,b37d1971fd56949d89a73320bbf45098,老街,2016-11-02 08:48:59,subway_off,65669.0,b171bdd8bc076e34e3fb8ffa612f0bed,1
1860,3c9424ecdcf188cb52276f3f670b92ed,木棉湾,2016-11-02 07:38:03,subway_on,65677.0,241352ff99846a97e2d88509d8c00ca7,0
1807,944fd931c5d98b51671886471aef13c0,国贸站,2016-11-02 08:04:35,subway_off,65677.0,241352ff99846a97e2d88509d8c00ca7,1
1860,3c9424ecdcf188cb52276f3f670b92ed,木棉湾,2016-11-02 07:29:13,subway_on,65689.0,d831f054c3ee02cb761b6a0f90f77b13,0
1807,944fd931c5d98b51671886471aef13c0,国贸站,2016-11-02 07:54:04,subway_off,65689.0,d831f054c3ee02cb761b6a0f90f77b13,1
1860,3c9424ecdcf188cb52276f3f670b92ed,木棉湾,2016-11-02 08:33:14,subway_on,65698.0,e5e12eb31de17ae992d265383a076c96,0
1807,944fd931c5d98b51671886471aef13c0,国贸站,2016-11-02 08:57:07,subway_off,65698.0,e5e12eb31de17ae992d265383a076c96,1
1860,3c9424ecdcf188cb52276f3f670b92ed,木棉湾,2016-11-02 08:33:49,subway_on,65701.0,266e8aca58b2cd50761cb8aec3dbc316,0
1807,b37d1971fd56949d89a73320bbf45098,老街,2016-11-02 08:55:45,subway_off,65701.0,266e8aca58b2cd50761cb8aec3dbc316,1
1860,3c9424ecdcf188cb52276f3f670b92ed,木棉湾,2016-11-02 08:24:56,subway_on,65708.0,7bcb8613aeaf19401897651bf39591ee,0
1807,944fd931c5d98b51671886471aef13c0,国贸站,2016-11-02 08:48:46,subway_off,65708.0,7bcb8613aeaf19401897651bf39591ee,1
1860,3c9424ecdcf188cb52276f3f670b92ed,木棉湾,2016-11-02 07:47:36,subway_on,65727.0,bc9e9253dba090837cdbce1b82df614c,0
1807,b37d1971fd56949d89a73320bbf45098,老街,2016-11-02 08:15:54,subway_off,65727.0,bc9e9253dba090837cdbce1b82df614c,1
1860,3c9424ecdcf188cb52276f3f670b92ed,木棉湾,2016-11-02 07:11:48,subway_on,65743.0,9e692bf55f68b99d4f52cf435a409092,0
1807,b37d1971fd56949d89a73320bbf45098,老街,2016-11-02 07:32:22,subway_off,65743.0,9e692bf55f68b99d4f52cf435a409092,1
1860,3c9424ecdcf188cb52276f3f670b92ed,木棉湾,2016-11-02 08:03:37,subway_on,65766.0,99385728c84e657c3f0ee7cf58a7a488,0
1807,944fd931c5d98b51671886471aef13c0,国贸站,2016-11-02 08:33:44,subway_off,65766.0,99385728c84e657c3f0ee7cf58a7a488,1
1860,3c9424ecdcf188cb52276f3f670b92ed,木棉湾,2016-11-02 08:26:11,subway_on,65780.0,23fde22a1756aa84f77d5ff8e11237c3,0
1807,b37d1971fd56949d89a73320bbf45098,老街,2016-11-02 08:54:03,subway_off,65780.0,23fde22a1756aa84f77d5ff8e11237c3,1
1860,3c9424ecdcf188cb52276f3f670b92ed,木棉湾,2016-11-02 08:01:55,subway_on,65798.0,0bd097c1bf7002edde16e7f063da814b,0
1807,944fd931c5d98b51671886471aef13c0,国贸站,2016-11-02 08:41:49,subway_off,65798.0,0bd097c1bf7002edde16e7f063da814b,1
1860,3c9424ecdcf188cb52276f3f670b92ed,木棉湾,2016-11-02 08:32:10,subway_on,65802.0,1013e7f4edf36cc9df945810cf6ea6b0,0
1807,b37d1971fd56949d89a73320bbf45098,老街,2016-11-02 08:54:14,subway_off,65802.0,1013e7f4edf36cc9df945810cf6ea6b0,1
1860,3c9424ecdcf188cb52276f3f670b92ed,木棉湾,2016-11-02 08:14:30,subway_on,65818.0,6e0588d3a2e191fbc28fb7de38bf509b,0
1807,944fd931c5d98b51671886471aef13c0,国贸站,2016-11-02 08:44:51,subway_off,65818.0,6e0588d3a2e191fbc28fb7de38bf509b,1
1860,3c9424ecdcf188cb52276f3f670b92ed,木棉湾,2016-11-02 07:51:28,subway_on,65821.0,ef0483a3b67a0491b67bc5cc6f24fc92,0
1807,944fd931c5d98b51671886471aef13c0,国贸站,2016-11-02 08:25:09,subway_off,65821.0,ef0483a3b67a0491b67bc5cc6f24fc92,1
1860,3c9424ecdcf188cb52276f3f670b92ed,木棉湾,2016-11-02 07:51:57,subway_on,65833.0,737017bc418520e777783cc725e54972,0
1807,944fd931c5d98b51671886471aef13c0,国贸站,2016-11-02 08:25:41,subway_off,65833.0,737017bc418520e777783cc725e54972,1
1860,3c9424ecdcf188cb52276f3f670b92ed,木棉湾,2016-11-02 06:52:22,subway_on,65856.0,74bb2cd2ab087d141ab82e39800dfeb5,0
1807,b37d1971fd56949d89a73320bbf45098,老街,2016-11-02 07:11:45,subway_off,65856.0,74bb2cd2ab087d141ab82e39800dfeb5,1
1860,3c9424ecdcf188cb52276f3f670b92ed,木棉湾,2016-11-02 08:32:47,subway_on,65877.0,c5afe4c90e6542c2ccaa80ae5cb30c5a,0
1807,b37d1971fd56949d89a73320bbf45098,老街,2016-11-02 08:56:09,subway_off,65877.0,c5afe4c90e6542c2ccaa80ae5cb30c5a,1
1860,3c9424ecdcf188cb52276f3f670b92ed,木棉湾,2016-11-02 08:19:11,subway_on,65887.0,e4c81ed1631088b30447342bbcbd2a34,0
1807,944fd931c5d98b51671886471aef13c0,国贸站,2016-11-02 08:51:51,subway_off,65887.0,e4c81ed1631088b30447342bbcbd2a34,1
1860,3c9424ecdcf188cb52276f3f670b92ed,木棉湾,2016-11-02 08:07:09,subway_on,65893.0,afbab8152d309776b539cb6e0b8bd656,0
1807,944fd931c5d98b51671886471aef13c0,国贸站,2016-11-02 08:37:59,subway_off,65893.0,afbab8152d309776b539cb6e0b8bd656,1
1860,3c9424ecdcf188cb52276f3f670b92ed,木棉湾,2016-11-02 08:15:13,subway_on,65900.0,e4bae36907d5305b81f29a719b9f36fb,0
1807,944fd931c5d98b51671886471aef13c0,国贸站,2016-11-02 08:42:15,subway_off,65900.0,e4bae36907d5305b81f29a719b9f36fb,1
1860,3c9424ecdcf188cb52276f3f670b92ed,木棉湾,2016-11-02 07:43:03,subway_on,65901.0,1bc9db60baa745cb05c48cdaa3cbed25,0
1807,944fd931c5d98b51671886471aef13c0,国贸站,2016-11-02 08:11:35,subway_off,65901.0,1bc9db60baa745cb05c48cdaa3cbed25,1
1860,3c9424ecdcf188cb52276f3f670b92ed,木棉湾,2016-11-02 07:38:18,subway_on,65905.0,e736b573236e711cb4e18da3fb070d2b,0
1807,b37d1971fd56949d89a73320bbf45098,老街,2016-11-02 08:00:54,subway_off,65905.0,e736b573236e711cb4e18da3fb070d2b,1
1860,3c9424ecdcf188cb52276f3f670b92ed,木棉湾,2016-11-02 07:59:10,subway_on,65916.0,801e743dfcd98e5aa7fc347f77c4df53,0
1807,b37d1971fd56949d89a73320bbf45098,老街,2016-11-02 08:29:18,subway_off,65916.0,801e743dfcd98e5aa7fc347f77c4df53,1
1860,3c9424ecdcf188cb52276f3f670b92ed,木棉湾,2016-11-02 07:39:20,subway_on,65921.0,323c471a5c934fb15889c9f8540dabf0,0
1807,944fd931c5d98b51671886471aef13c0,国贸站,2016-11-02 08:04:55,subway_off,65921.0,323c471a5c934fb15889c9f8540dabf0,1
1860,3c9424ecdcf188cb52276f3f670b92ed,木棉湾,2016-11-02 07:48:19,subway_on,65928.0,805245e2cd67daa9379c2fa3a27f45b5,0
1807,944fd931c5d98b51671886471aef13c0,国贸站,2016-11-02 08:16:40,subway_off,65928.0,805245e2cd67daa9379c2fa3a27f45b5,1
1860,3c9424ecdcf188cb52276f3f670b92ed,木棉湾,2016-11-02 07:17:10,subway_on,65938.0,f21e9925e1ff0e572cf534d9ac48fb91,0
1807,944fd931c5d98b51671886471aef13c0,国贸站,2016-11-02 07:41:13,subway_off,65938.0,f21e9925e1ff0e572cf534d9ac48fb91,1
1860,3c9424ecdcf188cb52276f3f670b92ed,木棉湾,2016-11-02 07:31:03,subway_on,65957.0,2ea1e7e0e634d88e79478df5866f728a,0
1807,944fd931c5d98b51671886471aef13c0,国贸站,2016-11-02 07:53:57,subway_off,65957.0,2ea1e7e0e634d88e79478df5866f728a,1
1860,3c9424ecdcf188cb52276f3f670b92ed,木棉湾,2016-11-02 08:07:33,subway_on,65975.0,40bef71ffa984a02506a79293fa7fcde,0
1807,944fd931c5d98b51671886471aef13c0,国贸站,2016-11-02 08:45:27,subway_off,65975.0,40bef71ffa984a02506a79293fa7fcde,1
1860,3c9424ecdcf188cb52276f3f670b92ed,木棉湾,2016-11-02 08:02:03,subway_on,65983.0,5bc83f433c1946a6ceefa16a4e727e05,0
1807,944fd931c5d98b51671886471aef13c0,国贸站,2016-11-02 08:34:15,subway_off,65983.0,5bc83f433c1946a6ceefa16a4e727e05,1
1860,3c9424ecdcf188cb52276f3f670b92ed,木棉湾,2016-11-02 08:24:25,subway_on,65984.0,a916f67b52b0f37032968765c4561f5c,0
1807,944fd931c5d98b51671886471aef13c0,国贸站,2016-11-02 08:49:00,subway_off,65984.0,a916f67b52b0f37032968765c4561f5c,1
1860,3c9424ecdcf188cb52276f3f670b92ed,木棉湾,2016-11-02 08:31:04,subway_on,65988.0,1321640518b97a8ee56cdc17eeb7dce2,0
1807,b37d1971fd56949d89a73320bbf45098,老街,2016-11-02 08:57:55,subway_off,65988.0,1321640518b97a8ee56cdc17eeb7dce2,1
1860,3c9424ecdcf188cb52276f3f670b92ed,木棉湾,2016-11-02 07:53:56,subway_on,65990.0,1923972d6b54b3d0204072f8faaa0729,0
1807,b37d1971fd56949d89a73320bbf45098,老街,2016-11-02 08:29:48,subway_off,65990.0,1923972d6b54b3d0204072f8faaa0729,1
1860,3c9424ecdcf188cb52276f3f670b92ed,木棉湾,2016-11-02 07:53:52,subway_on,66021.0,a98f37883068e67f611f2838306b281e,0
1807,b37d1971fd56949d89a73320bbf45098,老街,2016-11-02 08:19:35,subway_off,66021.0,a98f37883068e67f611f2838306b281e,1
1860,3c9424ecdcf188cb52276f3f670b92ed,木棉湾,2016-11-02 07:40:11,subway_on,66031.0,c5d5fe686404fd65fd98af6472fe3432,0
1807,b37d1971fd56949d89a73320bbf45098,老街,2016-11-02 08:01:04,subway_off,66031.0,c5d5fe686404fd65fd98af6472fe3432,1
1860,3c9424ecdcf188cb52276f3f670b92ed,木棉湾,2016-11-02 07:30:01,subway_on,66043.0,cfa39b19865b6f8b5eccc73630276d30,0
1807,944fd931c5d98b51671886471aef13c0,国贸站,2016-11-02 07:54:19,subway_off,66043.0,cfa39b19865b6f8b5eccc73630276d30,1
1860,3c9424ecdcf188cb52276f3f670b92ed,木棉湾,2016-11-02 08:36:31,subway_on,66094.0,9582f950cd83bd751f9b940e4778a058,0
1807,b37d1971fd56949d89a73320bbf45098,老街,2016-11-02 08:57:59,subway_off,66094.0,9582f950cd83bd751f9b940e4778a058,1
1860,3c9424ecdcf188cb52276f3f670b92ed,木棉湾,2016-11-02 08:04:23,subway_on,66111.0,db52e143cad87a0a0795d38276de1bda,0
1807,b37d1971fd56949d89a73320bbf45098,老街,2016-11-02 08:32:59,subway_off,66111.0,db52e143cad87a0a0795d38276de1bda,1
1860,3c9424ecdcf188cb52276f3f670b92ed,木棉湾,2016-11-02 07:38:05,subway_on,66126.0,09c23140836e40428b32bcf60947308b,0
1807,b37d1971fd56949d89a73320bbf45098,老街,2016-11-02 08:00:40,subway_off,66126.0,09c23140836e40428b32bcf60947308b,1
1860,3c9424ecdcf188cb52276f3f670b92ed,木棉湾,2016-11-02 08:03:00,subway_on,66131.0,3769e6f5e5320fc16b31a5639d38edd5,0
1807,b37d1971fd56949d89a73320bbf45098,老街,2016-11-02 08:32:51,subway_off,66131.0,3769e6f5e5320fc16b31a5639d38edd5,1
1860,3c9424ecdcf188cb52276f3f670b92ed,木棉湾,2016-11-02 08:03:20,subway_on,66142.0,4572f26589b0d5255081b1612fa1a3f4,0
1807,b37d1971fd56949d89a73320bbf45098,老街,2016-11-02 08:38:08,subway_off,66142.0,4572f26589b0d5255081b1612fa1a3f4,1
1860,3c9424ecdcf188cb52276f3f670b92ed,木棉湾,2016-11-02 07:25:15,subway_on,66163.0,f702c96ecd856eada5a2915370b742ee,0
1807,944fd931c5d98b51671886471aef13c0,国贸站,2016-11-02 08:00:15,subway_off,66163.0,f702c96ecd856eada5a2915370b742ee,1
1860,3c9424ecdcf188cb52276f3f670b92ed,木棉湾,2016-11-02 07:44:06,subway_on,66169.0,4d50cf2f0dd1c2d3b42902f44c33f025,0
1761,87cec03e1cab5945797721056bc5dc45,大剧院站,2016-11-02 08:09:41,subway_off,66169.0,4d50cf2f0dd1c2d3b42902f44c33f025,1
1668,8c5dee44a937465dd4890b94967a36a3,104路,2016-11-02 08:45:44,bus_on,66169.0,4d50cf2f0dd1c2d3b42902f44c33f025,2
1807,8c5dee44a937465dd4890b94967a36a3,104路,2016-11-02 09:01:25,bus_off,66169.0,4d50cf2f0dd1c2d3b42902f44c33f025,3
1860,3c9424ecdcf188cb52276f3f670b92ed,木棉湾,2016-11-02 07:49:42,subway_on,66171.0,7aa5f91130920ebbe1f423de8f0f80b6,0
1807,944fd931c5d98b51671886471aef13c0,国贸站,2016-11-02 08:17:26,subway_off,66171.0,7aa5f91130920ebbe1f423de8f0f80b6,1
1860,3c9424ecdcf188cb52276f3f670b92ed,木棉湾,2016-11-02 08:36:21,subway_on,66176.0,9c88357ec21f20a52760e684645ebfb4,0
1807,b37d1971fd56949d89a73320bbf45098,老街,2016-11-02 08:58:54,subway_off,66176.0,9c88357ec21f20a52760e684645ebfb4,1
1860,3c9424ecdcf188cb52276f3f670b92ed,木棉湾,2016-11-02 08:27:38,subway_on,66177.0,c4103a69e79eabb4af7fe91a1285688f,0
1807,944fd931c5d98b51671886471aef13c0,国贸站,2016-11-02 08:56:55,subway_off,66177.0,c4103a69e79eabb4af7fe91a1285688f,1
1860,3c9424ecdcf188cb52276f3f670b92ed,木棉湾,2016-11-02 07:53:19,subway_on,66181.0,937f9909949b7d768cc8b5910dcfd264,0
1807,b37d1971fd56949d89a73320bbf45098,老街,2016-11-02 08:16:10,subway_off,66181.0,937f9909949b7d768cc8b5910dcfd264,1
1860,3c9424ecdcf188cb52276f3f670b92ed,木棉湾,2016-11-02 07:48:46,subway_on,66184.0,0b41ff9a4b4495396cf05538228a37af,0
1807,b37d1971fd56949d89a73320bbf45098,老街,2016-11-02 08:20:28,subway_off,66184.0,0b41ff9a4b4495396cf05538228a37af,1
1860,3c9424ecdcf188cb52276f3f670b92ed,木棉湾,2016-11-02 08:06:02,subway_on,66189.0,f538bac1ff52fc205b6e45524d5ec1b0,0
1807,944fd931c5d98b51671886471aef13c0,国贸站,2016-11-02 08:45:23,subway_off,66189.0,f538bac1ff52fc205b6e45524d5ec1b0,1
1860,3c9424ecdcf188cb52276f3f670b92ed,木棉湾,2016-11-02 08:19:57,subway_on,66190.0,1ccdbf489620bd7fbed1ea491554d928,0
1807,b37d1971fd56949d89a73320bbf45098,老街,2016-11-02 08:52:12,subway_off,66190.0,1ccdbf489620bd7fbed1ea491554d928,1
1860,3c9424ecdcf188cb52276f3f670b92ed,木棉湾,2016-11-02 07:38:33,subway_on,66191.0,23a0f111fa50aaaeef75286cdb9c488b,0
1807,944fd931c5d98b51671886471aef13c0,国贸站,2016-11-02 08:04:23,subway_off,66191.0,23a0f111fa50aaaeef75286cdb9c488b,1
1860,3c9424ecdcf188cb52276f3f670b92ed,木棉湾,2016-11-02 08:02:33,subway_on,66213.0,b2606386fdb49ce7eb9fce311d1328cb,0
1807,b37d1971fd56949d89a73320bbf45098,老街,2016-11-02 08:37:54,subway_off,66213.0,b2606386fdb49ce7eb9fce311d1328cb,1
1860,3c9424ecdcf188cb52276f3f670b92ed,木棉湾,2016-11-02 08:14:10,subway_on,66223.0,b67270e8dde8d17eaea2b9ae35ba50dc,0
1807,b37d1971fd56949d89a73320bbf45098,老街,2016-11-02 08:42:19,subway_off,66223.0,b67270e8dde8d17eaea2b9ae35ba50dc,1
1860,3c9424ecdcf188cb52276f3f670b92ed,木棉湾,2016-11-02 08:21:27,subway_on,66232.0,a85afa156926cdc7363b033bc441d492,0
1807,b37d1971fd56949d89a73320bbf45098,老街,2016-11-02 08:49:34,subway_off,66232.0,a85afa156926cdc7363b033bc441d492,1
1860,3c9424ecdcf188cb52276f3f670b92ed,木棉湾,2016-11-02 07:43:44,subway_on,66237.0,91109b72c785864a29f452ac692d262a,0
1807,b37d1971fd56949d89a73320bbf45098,老街,2016-11-02 08:07:27,subway_off,66237.0,91109b72c785864a29f452ac692d262a,1
1860,3c9424ecdcf188cb52276f3f670b92ed,木棉湾,2016-11-02 07:31:37,subway_on,66240.0,27ebe3004752fb53012612448728eefa,0
1807,944fd931c5d98b51671886471aef13c0,国贸站,2016-11-02 07:57:36,subway_off,66240.0,27ebe3004752fb53012612448728eefa,1
1860,3c9424ecdcf188cb52276f3f670b92ed,木棉湾,2016-11-02 08:13:07,subway_on,66247.0,1ef984ca40cc6a5039589fe31532706f,0
1807,944fd931c5d98b51671886471aef13c0,国贸站,2016-11-02 08:49:56,subway_off,66247.0,1ef984ca40cc6a5039589fe31532706f,1
1860,3c9424ecdcf188cb52276f3f670b92ed,木棉湾,2016-11-02 08:00:25,subway_on,66254.0,2a7b0ae9fad5513eafb4d192835144b6,0
1807,b37d1971fd56949d89a73320bbf45098,老街,2016-11-02 08:20:56,subway_off,66254.0,2a7b0ae9fad5513eafb4d192835144b6,1
1860,3c9424ecdcf188cb52276f3f670b92ed,木棉湾,2016-11-02 07:40:06,subway_on,66268.0,702ef2b3d29e0dfa5faa2d36feca7671,0
1807,b37d1971fd56949d89a73320bbf45098,老街,2016-11-02 08:01:03,subway_off,66268.0,702ef2b3d29e0dfa5faa2d36feca7671,1
1860,3c9424ecdcf188cb52276f3f670b92ed,木棉湾,2016-11-02 08:15:32,subway_on,66282.0,a2f3c2a6a42d8f6791561146c72f455d,0
1807,b37d1971fd56949d89a73320bbf45098,老街,2016-11-02 08:46:40,subway_off,66282.0,a2f3c2a6a42d8f6791561146c72f455d,1
1860,3c9424ecdcf188cb52276f3f670b92ed,木棉湾,2016-11-02 07:13:31,subway_on,66283.0,bc7c2d25b4716a4531b71e9240ef9d17,0
1807,944fd931c5d98b51671886471aef13c0,国贸站,2016-11-02 07:38:53,subway_off,66283.0,bc7c2d25b4716a4531b71e9240ef9d17,1
1860,3c9424ecdcf188cb52276f3f670b92ed,木棉湾,2016-11-02 08:18:37,subway_on,66291.0,eefd7b342aee90791c8e4d57c7d6de26,0
1807,b37d1971fd56949d89a73320bbf45098,老街,2016-11-02 08:49:32,subway_off,66291.0,eefd7b342aee90791c8e4d57c7d6de26,1
1860,3c9424ecdcf188cb52276f3f670b92ed,木棉湾,2016-11-02 08:28:27,subway_on,66292.0,720fb182a1935391048826d9bdc2ca50,0
1807,b37d1971fd56949d89a73320bbf45098,老街,2016-11-02 08:53:07,subway_off,66292.0,720fb182a1935391048826d9bdc2ca50,1
1860,3c9424ecdcf188cb52276f3f670b92ed,木棉湾,2016-11-02 07:44:22,subway_on,66312.0,76864bc2d54aec506a14f6ddb566f281,0
1807,b37d1971fd56949d89a73320bbf45098,老街,2016-11-02 08:14:03,subway_off,66312.0,76864bc2d54aec506a14f6ddb566f281,1
1860,3c9424ecdcf188cb52276f3f670b92ed,木棉湾,2016-11-02 08:16:08,subway_on,66315.0,25361ddeba3c996c8ea996ff0ba136a4,0
1807,944fd931c5d98b51671886471aef13c0,国贸站,2016-11-02 08:48:30,subway_off,66315.0,25361ddeba3c996c8ea996ff0ba136a4,1
1860,3c9424ecdcf188cb52276f3f670b92ed,木棉湾,2016-11-02 08:13:55,subway_on,66356.0,a04e84c5ef6f8538f764ae885de5959d,0
1807,944fd931c5d98b51671886471aef13c0,国贸站,2016-11-02 08:48:23,subway_off,66356.0,a04e84c5ef6f8538f764ae885de5959d,1
1860,3c9424ecdcf188cb52276f3f670b92ed,木棉湾,2016-11-02 07:39:57,subway_on,66364.0,9c78096d16b78eb864bd772c3d963243,0
1807,944fd931c5d98b51671886471aef13c0,国贸站,2016-11-02 08:10:51,subway_off,66364.0,9c78096d16b78eb864bd772c3d963243,1
1860,3c9424ecdcf188cb52276f3f670b92ed,木棉湾,2016-11-02 07:46:34,subway_on,66368.0,c6c553ee902ce3337ad13346b2b3107f,0
1807,944fd931c5d98b51671886471aef13c0,国贸站,2016-11-02 08:20:18,subway_off,66368.0,c6c553ee902ce3337ad13346b2b3107f,1
1860,3c9424ecdcf188cb52276f3f670b92ed,木棉湾,2016-11-02 08:08:08,subway_on,66402.0,2a3557d34e3b067f3c6fae906426cb8d,0
1807,944fd931c5d98b51671886471aef13c0,国贸站,2016-11-02 08:44:34,subway_off,66402.0,2a3557d34e3b067f3c6fae906426cb8d,1
1860,3c9424ecdcf188cb52276f3f670b92ed,木棉湾,2016-11-02 08:17:32,subway_on,66412.0,22b9d4a50a3d73d000947f3ee7709772,0
1807,b37d1971fd56949d89a73320bbf45098,老街,2016-11-02 08:47:58,subway_off,66412.0,22b9d4a50a3d73d000947f3ee7709772,1
1860,3c9424ecdcf188cb52276f3f670b92ed,木棉湾,2016-11-02 08:28:51,subway_on,66422.0,294d41927b2160096e8f5b130d819547,0
1807,b37d1971fd56949d89a73320bbf45098,老街,2016-11-02 08:53:29,subway_off,66422.0,294d41927b2160096e8f5b130d819547,1
1860,3c9424ecdcf188cb52276f3f670b92ed,木棉湾,2016-11-02 07:38:53,subway_on,66424.0,a5c4c543aff3a072d033c40871416eb2,0
1807,b37d1971fd56949d89a73320bbf45098,老街,2016-11-02 08:02:30,subway_off,66424.0,a5c4c543aff3a072d033c40871416eb2,1
1860,3c9424ecdcf188cb52276f3f670b92ed,木棉湾,2016-11-02 07:48:51,subway_on,66426.0,3535a5dc61c529c7da8ebaf13204d806,0
1807,b37d1971fd56949d89a73320bbf45098,老街,2016-11-02 08:14:59,subway_off,66426.0,3535a5dc61c529c7da8ebaf13204d806,1
1860,3c9424ecdcf188cb52276f3f670b92ed,木棉湾,2016-11-02 07:59:23,subway_on,66439.0,d583764584f64db79f5117afc1c3be05,0
1807,944fd931c5d98b51671886471aef13c0,国贸站,2016-11-02 08:34:27,subway_off,66439.0,d583764584f64db79f5117afc1c3be05,1
1860,3c9424ecdcf188cb52276f3f670b92ed,木棉湾,2016-11-02 08:07:59,subway_on,66448.0,02f830cc4a6a29549e45c8238d6b3224,0
1807,b37d1971fd56949d89a73320bbf45098,老街,2016-11-02 08:35:55,subway_off,66448.0,02f830cc4a6a29549e45c8238d6b3224,1
1860,3c9424ecdcf188cb52276f3f670b92ed,木棉湾,2016-11-02 07:28:56,subway_on,66449.0,3100fce118a1c268c86f8fab5af2ac95,0
1807,b37d1971fd56949d89a73320bbf45098,老街,2016-11-02 07:51:13,subway_off,66449.0,3100fce118a1c268c86f8fab5af2ac95,1
1860,3c9424ecdcf188cb52276f3f670b92ed,木棉湾,2016-11-02 08:16:53,subway_on,66464.0,4cf10136f6f8127d722d510a7b312610,0
1807,b37d1971fd56949d89a73320bbf45098,老街,2016-11-02 08:45:35,subway_off,66464.0,4cf10136f6f8127d722d510a7b312610,1
1860,3c9424ecdcf188cb52276f3f670b92ed,木棉湾,2016-11-02 08:00:57,subway_on,66470.0,bd1bfcddc91a7c06e17f89d3215c1e15,0
1807,944fd931c5d98b51671886471aef13c0,国贸站,2016-11-02 08:32:41,subway_off,66470.0,bd1bfcddc91a7c06e17f89d3215c1e15,1
1860,3c9424ecdcf188cb52276f3f670b92ed,木棉湾,2016-11-02 08:34:04,subway_on,66503.0,30a0787d0abeed03822c198e0ab271dc,0
1807,b37d1971fd56949d89a73320bbf45098,老街,2016-11-02 08:55:28,subway_off,66503.0,30a0787d0abeed03822c198e0ab271dc,1
1860,3c9424ecdcf188cb52276f3f670b92ed,木棉湾,2016-11-02 07:29:29,subway_on,66508.0,e53b2326b55d757317968735452ae70b,0
1807,b37d1971fd56949d89a73320bbf45098,老街,2016-11-02 07:50:35,subway_off,66508.0,e53b2326b55d757317968735452ae70b,1
1860,3c9424ecdcf188cb52276f3f670b92ed,木棉湾,2016-11-02 08:24:52,subway_on,66536.0,e04349f0d55586de1216410fc144633c,0
1807,944fd931c5d98b51671886471aef13c0,国贸站,2016-11-02 08:55:20,subway_off,66536.0,e04349f0d55586de1216410fc144633c,1
1860,3c9424ecdcf188cb52276f3f670b92ed,木棉湾,2016-11-02 06:48:19,subway_on,66576.0,27c6e7fe4b44a20f50a4b53ca7dcefba,0
1807,944fd931c5d98b51671886471aef13c0,国贸站,2016-11-02 07:16:26,subway_off,66576.0,27c6e7fe4b44a20f50a4b53ca7dcefba,1
1860,3c9424ecdcf188cb52276f3f670b92ed,木棉湾,2016-11-02 08:18:49,subway_on,66578.0,8ebfceea4e72b4237a5117668d471690,0
1807,b37d1971fd56949d89a73320bbf45098,老街,2016-11-02 08:46:08,subway_off,66578.0,8ebfceea4e72b4237a5117668d471690,1
1860,3c9424ecdcf188cb52276f3f670b92ed,木棉湾,2016-11-02 08:07:49,subway_on,66596.0,43c7db97036e457b7aa13bd3358a5f9c,0
1807,944fd931c5d98b51671886471aef13c0,国贸站,2016-11-02 08:47:55,subway_off,66596.0,43c7db97036e457b7aa13bd3358a5f9c,1
1860,3c9424ecdcf188cb52276f3f670b92ed,木棉湾,2016-11-02 06:37:13,subway_on,66622.0,206ac241f7d5b24e7f934d90bc0e4ca7,0
1807,b37d1971fd56949d89a73320bbf45098,老街,2016-11-02 07:06:35,subway_off,66622.0,206ac241f7d5b24e7f934d90bc0e4ca7,1
1860,3c9424ecdcf188cb52276f3f670b92ed,木棉湾,2016-11-02 07:58:57,subway_on,66653.0,8425075abde0d9184f0294c61f07728f,0
1807,944fd931c5d98b51671886471aef13c0,国贸站,2016-11-02 08:33:16,subway_off,66653.0,8425075abde0d9184f0294c61f07728f,1
1860,3c9424ecdcf188cb52276f3f670b92ed,木棉湾,2016-11-02 08:05:00,subway_on,66659.0,da20c7e92b64cc193cc4f3eb41136a45,0
1807,944fd931c5d98b51671886471aef13c0,国贸站,2016-11-02 08:39:37,subway_off,66659.0,da20c7e92b64cc193cc4f3eb41136a45,1
1860,3c9424ecdcf188cb52276f3f670b92ed,木棉湾,2016-11-02 08:14:01,subway_on,66664.0,b59650a94964c40c348d4df97a205fbb,0
1807,b37d1971fd56949d89a73320bbf45098,老街,2016-11-02 08:39:37,subway_off,66664.0,b59650a94964c40c348d4df97a205fbb,1
1860,3c9424ecdcf188cb52276f3f670b92ed,木棉湾,2016-11-02 07:43:35,subway_on,66669.0,ba7aa93aa5671f08fca72449ad82fbf7,0
1807,b37d1971fd56949d89a73320bbf45098,老街,2016-11-02 08:07:20,subway_off,66669.0,ba7aa93aa5671f08fca72449ad82fbf7,1
1860,3c9424ecdcf188cb52276f3f670b92ed,木棉湾,2016-11-02 06:58:16,subway_on,66672.0,b164f50248686758b64273e7ae6c5785,0
1807,944fd931c5d98b51671886471aef13c0,国贸站,2016-11-02 07:21:30,subway_off,66672.0,b164f50248686758b64273e7ae6c5785,1
1860,3c9424ecdcf188cb52276f3f670b92ed,木棉湾,2016-11-02 08:03:23,subway_on,66718.0,02177eccfe20ef5a36b3ba631fb6f443,0
1807,b37d1971fd56949d89a73320bbf45098,老街,2016-11-02 08:37:22,subway_off,66718.0,02177eccfe20ef5a36b3ba631fb6f443,1
1860,3c9424ecdcf188cb52276f3f670b92ed,木棉湾,2016-11-02 07:48:32,subway_on,66733.0,f3ff91d44a0fbc9de4824ff7c5151cfb,0
1807,944fd931c5d98b51671886471aef13c0,国贸站,2016-11-02 08:33:22,subway_off,66733.0,f3ff91d44a0fbc9de4824ff7c5151cfb,1
1860,3c9424ecdcf188cb52276f3f670b92ed,木棉湾,2016-11-02 08:24:16,subway_on,66735.0,e85d883bd963b8e7352e270e209a5171,0
1807,944fd931c5d98b51671886471aef13c0,国贸站,2016-11-02 08:52:31,subway_off,66735.0,e85d883bd963b8e7352e270e209a5171,1
1860,3c9424ecdcf188cb52276f3f670b92ed,木棉湾,2016-11-02 08:13:20,subway_on,66742.0,aa6b9cc875c518ef56fb89c99ba943b3,0
1807,944fd931c5d98b51671886471aef13c0,国贸站,2016-11-02 08:47:42,subway_off,66742.0,aa6b9cc875c518ef56fb89c99ba943b3,1
1860,3c9424ecdcf188cb52276f3f670b92ed,木棉湾,2016-11-02 08:33:01,subway_on,66748.0,a4c83b13f39686bc25ca1d32d293c7d1,0
1807,b37d1971fd56949d89a73320bbf45098,老街,2016-11-02 08:55:28,subway_off,66748.0,a4c83b13f39686bc25ca1d32d293c7d1,1
1860,3c9424ecdcf188cb52276f3f670b92ed,木棉湾,2016-11-02 08:34:15,subway_on,66761.0,f0eb6666670708e44aa71310224d009d,0
1807,b37d1971fd56949d89a73320bbf45098,老街,2016-11-02 08:56:11,subway_off,66761.0,f0eb6666670708e44aa71310224d009d,1
1860,3c9424ecdcf188cb52276f3f670b92ed,木棉湾,2016-11-02 07:57:35,subway_on,66764.0,0a50cf305a4c56988179061511c145c9,0
1807,944fd931c5d98b51671886471aef13c0,国贸站,2016-11-02 08:41:47,subway_off,66764.0,0a50cf305a4c56988179061511c145c9,1
1860,3c9424ecdcf188cb52276f3f670b92ed,木棉湾,2016-11-02 08:23:12,subway_on,66778.0,f80500fafb692d19adc3ad2dd2f7ccf0,0
1807,944fd931c5d98b51671886471aef13c0,国贸站,2016-11-02 08:53:19,subway_off,66778.0,f80500fafb692d19adc3ad2dd2f7ccf0,1
1860,3c9424ecdcf188cb52276f3f670b92ed,木棉湾,2016-11-02 07:51:38,subway_on,66798.0,934caca6b61680c01b5123f41e7c9c09,0
1807,b37d1971fd56949d89a73320bbf45098,老街,2016-11-02 08:16:40,subway_off,66798.0,934caca6b61680c01b5123f41e7c9c09,1
1860,3c9424ecdcf188cb52276f3f670b92ed,木棉湾,2016-11-02 07:07:23,subway_on,66806.0,f967d697b8337ebfccf0c94d26151eb2,0
1807,b37d1971fd56949d89a73320bbf45098,老街,2016-11-02 07:28:04,subway_off,66806.0,f967d697b8337ebfccf0c94d26151eb2,1
1860,3c9424ecdcf188cb52276f3f670b92ed,木棉湾,2016-11-02 08:19:09,subway_on,66814.0,f82de7c336d8729c0b2bf2ac5f53af46,0
1807,944fd931c5d98b51671886471aef13c0,国贸站,2016-11-02 08:52:22,subway_off,66814.0,f82de7c336d8729c0b2bf2ac5f53af46,1
1860,3c9424ecdcf188cb52276f3f670b92ed,木棉湾,2016-11-02 08:17:38,subway_on,66815.0,d2ea6b557c1ca7cdb0d1912ad4f40b6f,0
1807,944fd931c5d98b51671886471aef13c0,国贸站,2016-11-02 08:52:29,subway_off,66815.0,d2ea6b557c1ca7cdb0d1912ad4f40b6f,1
1860,3c9424ecdcf188cb52276f3f670b92ed,木棉湾,2016-11-02 07:28:54,subway_on,66829.0,ccfc97fd27703f211eb87bc4bb3b2aaf,0
1807,b37d1971fd56949d89a73320bbf45098,老街,2016-11-02 07:51:04,subway_off,66829.0,ccfc97fd27703f211eb87bc4bb3b2aaf,1
1860,3c9424ecdcf188cb52276f3f670b92ed,木棉湾,2016-11-02 08:02:11,subway_on,66869.0,1ebef6bad0d4c3b599a0da4b0d820ce5,0
1807,b37d1971fd56949d89a73320bbf45098,老街,2016-11-02 08:33:10,subway_off,66869.0,1ebef6bad0d4c3b599a0da4b0d820ce5,1
1860,3c9424ecdcf188cb52276f3f670b92ed,木棉湾,2016-11-02 07:43:54,subway_on,66872.0,e91640ea280bac5a3c4b3ed1abf681f0,0
1807,b37d1971fd56949d89a73320bbf45098,老街,2016-11-02 08:07:21,subway_off,66872.0,e91640ea280bac5a3c4b3ed1abf681f0,1
1860,3c9424ecdcf188cb52276f3f670b92ed,木棉湾,2016-11-02 07:39:50,subway_on,66882.0,11c635ce671468b0a14fef2125198965,0
1807,944fd931c5d98b51671886471aef13c0,国贸站,2016-11-02 08:05:00,subway_off,66882.0,11c635ce671468b0a14fef2125198965,1
1860,3c9424ecdcf188cb52276f3f670b92ed,木棉湾,2016-11-02 07:46:26,subway_on,66896.0,8342a8917cbb5daaf7e238534887e9ac,0
1855,b6b417f1289d450330ce1cd4f8df6c00,翠竹,2016-11-02 08:08:58,subway_off,66896.0,8342a8917cbb5daaf7e238534887e9ac,1
1855,b6b417f1289d450330ce1cd4f8df6c00,翠竹,2016-11-02 08:26:03,subway_on,66896.0,8342a8917cbb5daaf7e238534887e9ac,2
1807,944fd931c5d98b51671886471aef13c0,国贸站,2016-11-02 08:43:09,subway_off,66896.0,8342a8917cbb5daaf7e238534887e9ac,3
1860,3c9424ecdcf188cb52276f3f670b92ed,木棉湾,2016-11-02 07:53:58,subway_on,66900.0,0ee3df9d7b05c60cd35c95b00ad07c11,0
1807,b37d1971fd56949d89a73320bbf45098,老街,2016-11-02 08:20:52,subway_off,66900.0,0ee3df9d7b05c60cd35c95b00ad07c11,1
1860,3c9424ecdcf188cb52276f3f670b92ed,木棉湾,2016-11-02 07:38:35,subway_on,66904.0,aa798d90e91a83bc2aa5e102289f7793,0
1807,944fd931c5d98b51671886471aef13c0,国贸站,2016-11-02 08:05:19,subway_off,66904.0,aa798d90e91a83bc2aa5e102289f7793,1
1860,3c9424ecdcf188cb52276f3f670b92ed,木棉湾,2016-11-02 08:09:52,subway_on,66905.0,3fea25078ae79780b148e0c12d2fa56d,0
1807,944fd931c5d98b51671886471aef13c0,国贸站,2016-11-02 08:48:20,subway_off,66905.0,3fea25078ae79780b148e0c12d2fa56d,1
1860,3c9424ecdcf188cb52276f3f670b92ed,木棉湾,2016-11-02 07:48:16,subway_on,66912.0,8c687c0b2ea72bb543eea03260dd8e90,0
1807,b37d1971fd56949d89a73320bbf45098,老街,2016-11-02 08:13:20,subway_off,66912.0,8c687c0b2ea72bb543eea03260dd8e90,1
1860,3c9424ecdcf188cb52276f3f670b92ed,木棉湾,2016-11-02 08:10:32,subway_on,66933.0,d29f479c610d4a6e447015f380cf5f32,0
1807,944fd931c5d98b51671886471aef13c0,国贸站,2016-11-02 08:44:25,subway_off,66933.0,d29f479c610d4a6e447015f380cf5f32,1
1860,3c9424ecdcf188cb52276f3f670b92ed,木棉湾,2016-11-02 07:58:55,subway_on,66978.0,9cc47bef58598a363f868fc5519a3a3f,0
1807,944fd931c5d98b51671886471aef13c0,国贸站,2016-11-02 08:29:37,subway_off,66978.0,9cc47bef58598a363f868fc5519a3a3f,1
1860,3c9424ecdcf188cb52276f3f670b92ed,木棉湾,2016-11-02 08:11:42,subway_on,67006.0,abf2759f1d3d7c581f22f6184b14a18c,0
1807,944fd931c5d98b51671886471aef13c0,国贸站,2016-11-02 08:49:53,subway_off,67006.0,abf2759f1d3d7c581f22f6184b14a18c,1
1860,3c9424ecdcf188cb52276f3f670b92ed,木棉湾,2016-11-02 07:48:06,subway_on,67012.0,bd20bad7266f05e6e90361f2e300dcf2,0
1807,b37d1971fd56949d89a73320bbf45098,老街,2016-11-02 08:13:33,subway_off,67012.0,bd20bad7266f05e6e90361f2e300dcf2,1
1860,3c9424ecdcf188cb52276f3f670b92ed,木棉湾,2016-11-02 07:51:49,subway_on,67030.0,03b8c87ec6099728b441aa28fda80c12,0
1807,b37d1971fd56949d89a73320bbf45098,老街,2016-11-02 08:26:28,subway_off,67030.0,03b8c87ec6099728b441aa28fda80c12,1
1860,3c9424ecdcf188cb52276f3f670b92ed,木棉湾,2016-11-02 08:21:52,subway_on,67049.0,d4d67683c5f59f4e1e16e8e018031ef0,0
1807,944fd931c5d98b51671886471aef13c0,国贸站,2016-11-02 08:52:39,subway_off,67049.0,d4d67683c5f59f4e1e16e8e018031ef0,1
1860,3c9424ecdcf188cb52276f3f670b92ed,木棉湾,2016-11-02 08:18:32,subway_on,67055.0,f4e22ab955526540de198aec58fcdf60,0
1807,944fd931c5d98b51671886471aef13c0,国贸站,2016-11-02 08:49:51,subway_off,67055.0,f4e22ab955526540de198aec58fcdf60,1
1860,3c9424ecdcf188cb52276f3f670b92ed,木棉湾,2016-11-02 08:02:38,subway_on,67071.0,0c7e89392394f0a1032b5d397fc8f7e4,0
1807,944fd931c5d98b51671886471aef13c0,国贸站,2016-11-02 08:37:42,subway_off,67071.0,0c7e89392394f0a1032b5d397fc8f7e4,1
1860,3c9424ecdcf188cb52276f3f670b92ed,木棉湾,2016-11-02 08:32:24,subway_on,67087.0,c9839107739dd3f93187a6736e7d7a20,0
1807,b37d1971fd56949d89a73320bbf45098,老街,2016-11-02 08:56:40,subway_off,67087.0,c9839107739dd3f93187a6736e7d7a20,1
1860,3c9424ecdcf188cb52276f3f670b92ed,木棉湾,2016-11-02 08:18:48,subway_on,67098.0,327eaa0d2f6abf47d6861402f4e03ec7,0
1807,b37d1971fd56949d89a73320bbf45098,老街,2016-11-02 08:49:34,subway_off,67098.0,327eaa0d2f6abf47d6861402f4e03ec7,1
1860,3c9424ecdcf188cb52276f3f670b92ed,木棉湾,2016-11-02 07:17:24,subway_on,67115.0,03b272fbcf864740b2d0d3d8dc75f54d,0
1807,b37d1971fd56949d89a73320bbf45098,老街,2016-11-02 07:39:59,subway_off,67115.0,03b272fbcf864740b2d0d3d8dc75f54d,1
1860,3c9424ecdcf188cb52276f3f670b92ed,木棉湾,2016-11-02 08:04:37,subway_on,67117.0,4d98164bcc67e4cd3254d8467970a330,0
1807,944fd931c5d98b51671886471aef13c0,国贸站,2016-11-02 08:28:21,subway_off,67117.0,4d98164bcc67e4cd3254d8467970a330,1
1860,3c9424ecdcf188cb52276f3f670b92ed,木棉湾,2016-11-02 07:59:59,subway_on,67118.0,77b57ab2d76c12524e17e77fb97681a7,0
1807,b37d1971fd56949d89a73320bbf45098,老街,2016-11-02 08:30:00,subway_off,67118.0,77b57ab2d76c12524e17e77fb97681a7,1
1860,3c9424ecdcf188cb52276f3f670b92ed,木棉湾,2016-11-02 08:31:48,subway_on,67128.0,e0832c806616fe16b100049a433d6437,0
1807,b37d1971fd56949d89a73320bbf45098,老街,2016-11-02 08:53:42,subway_off,67128.0,e0832c806616fe16b100049a433d6437,1
1860,3c9424ecdcf188cb52276f3f670b92ed,木棉湾,2016-11-02 08:06:10,subway_on,67129.0,d8e82e607b5a528652eab78b0b96fc0f,0
1807,b37d1971fd56949d89a73320bbf45098,老街,2016-11-02 08:36:21,subway_off,67129.0,d8e82e607b5a528652eab78b0b96fc0f,1
1860,3c9424ecdcf188cb52276f3f670b92ed,木棉湾,2016-11-02 07:23:25,subway_on,67148.0,08ea967edf176aa4acf7bc346bade013,0
1807,b37d1971fd56949d89a73320bbf45098,老街,2016-11-02 07:45:28,subway_off,67148.0,08ea967edf176aa4acf7bc346bade013,1
1860,3c9424ecdcf188cb52276f3f670b92ed,木棉湾,2016-11-02 08:19:50,subway_on,67165.0,fe41625ac7712552757c0ed5108f00ee,0
1807,b37d1971fd56949d89a73320bbf45098,老街,2016-11-02 08:48:33,subway_off,67165.0,fe41625ac7712552757c0ed5108f00ee,1
1860,3c9424ecdcf188cb52276f3f670b92ed,木棉湾,2016-11-02 08:11:11,subway_on,67179.0,d1e49ef896c35df89de80b912161c019,0
1807,b37d1971fd56949d89a73320bbf45098,老街,2016-11-02 08:44:29,subway_off,67179.0,d1e49ef896c35df89de80b912161c019,1
1860,3c9424ecdcf188cb52276f3f670b92ed,木棉湾,2016-11-02 07:47:54,subway_on,67207.0,a126a6d1ae9002c290b04af654d86ffd,0
1807,b37d1971fd56949d89a73320bbf45098,老街,2016-11-02 08:12:35,subway_off,67207.0,a126a6d1ae9002c290b04af654d86ffd,1
1860,3c9424ecdcf188cb52276f3f670b92ed,木棉湾,2016-11-02 07:22:45,subway_on,67214.0,0b16ec20ea550835d97f35718f7b8201,0
1807,b37d1971fd56949d89a73320bbf45098,老街,2016-11-02 07:42:31,subway_off,67214.0,0b16ec20ea550835d97f35718f7b8201,1
1860,3c9424ecdcf188cb52276f3f670b92ed,木棉湾,2016-11-02 08:11:11,subway_on,67221.0,4aa337d7fadd53cd9e43adf94c4522b2,0
1807,b37d1971fd56949d89a73320bbf45098,老街,2016-11-02 08:39:05,subway_off,67221.0,4aa337d7fadd53cd9e43adf94c4522b2,1
1860,3c9424ecdcf188cb52276f3f670b92ed,木棉湾,2016-11-02 08:14:23,subway_on,67261.0,0ce57dd0761f11f1287924a23242d1ae,0
1807,944fd931c5d98b51671886471aef13c0,国贸站,2016-11-02 08:49:47,subway_off,67261.0,0ce57dd0761f11f1287924a23242d1ae,1
1860,3c9424ecdcf188cb52276f3f670b92ed,木棉湾,2016-11-02 08:20:29,subway_on,67263.0,120d12791b4f2fe7995857614048d8d2,0
1807,b37d1971fd56949d89a73320bbf45098,老街,2016-11-02 08:47:01,subway_off,67263.0,120d12791b4f2fe7995857614048d8d2,1
1860,3c9424ecdcf188cb52276f3f670b92ed,木棉湾,2016-11-02 07:48:12,subway_on,67290.0,562ba80757fe1d63d6a0e53762254340,0
1807,b37d1971fd56949d89a73320bbf45098,老街,2016-11-02 08:14:33,subway_off,67290.0,562ba80757fe1d63d6a0e53762254340,1
1860,3c9424ecdcf188cb52276f3f670b92ed,木棉湾,2016-11-02 08:11:14,subway_on,67297.0,ebc0d636a50c259e77990b8c4a9b785f,0
1807,944fd931c5d98b51671886471aef13c0,国贸站,2016-11-02 08:45:21,subway_off,67297.0,ebc0d636a50c259e77990b8c4a9b785f,1
1860,1f5115474322bbae73797babf89f0bf4,M385,2016-11-02 06:50:35,bus_on,165134.0,be0073ac9d23fa0e836f2bc7379869f4,0
1814,1f5115474322bbae73797babf89f0bf4,M385,2016-11-02 06:55:49,bus_off,165134.0,be0073ac9d23fa0e836f2bc7379869f4,1
1678,cc44c8328c336f57b97861cf95dc4105,M379线,2016-11-02 07:11:19,bus_on,165134.0,be0073ac9d23fa0e836f2bc7379869f4,2
1586,cc44c8328c336f57b97861cf95dc4105,M379线,2016-11-02 07:16:41,bus_off,165134.0,be0073ac9d23fa0e836f2bc7379869f4,3
1586,9f8ced0450711e0667b7e04bc0a443ee,坂田,2016-11-02 07:46:07,subway_on,165134.0,be0073ac9d23fa0e836f2bc7379869f4,4
1807,944fd931c5d98b51671886471aef13c0,国贸站,2016-11-02 08:34:02,subway_off,165134.0,be0073ac9d23fa0e836f2bc7379869f4,5
1860,fb74b61a6be87909e24b36ed59f80bc0,371路,2016-11-02 06:54:06,bus_on,166695.0,af3be022efe30bd0aa7c43c4e5042f23,0
1860,fb74b61a6be87909e24b36ed59f80bc0,371路,2016-11-02 06:57:13,bus_off,166695.0,af3be022efe30bd0aa7c43c4e5042f23,1
1765,db02cc27334df59c13aefa4f343f5702,27路,2016-11-02 07:10:44,bus_on,166695.0,af3be022efe30bd0aa7c43c4e5042f23,2
1807,db02cc27334df59c13aefa4f343f5702,27路,2016-11-02 07:28:22,bus_off,166695.0,af3be022efe30bd0aa7c43c4e5042f23,3
1860,d5a39476225ebd37be1ffa95d6cbc713,376线,2016-11-02 07:12:39,bus_on,225973.0,12f35f7fcb52187da6126e6a7d5c7b9c,0
1860,d5a39476225ebd37be1ffa95d6cbc713,376线,2016-11-02 07:15:11,bus_off,225973.0,12f35f7fcb52187da6126e6a7d5c7b9c,1
1860,3c9424ecdcf188cb52276f3f670b92ed,木棉湾,2016-11-02 07:21:55,subway_on,225973.0,12f35f7fcb52187da6126e6a7d5c7b9c,2
1807,b37d1971fd56949d89a73320bbf45098,老街,2016-11-02 07:42:45,subway_off,225973.0,12f35f7fcb52187da6126e6a7d5c7b9c,3
1860,f3e68297534c38602e55a9e98089f18b,371路,2016-11-02 06:37:43,bus_on,226100.0,486bd147abda053b218d159a17350d08,0
1814,f3e68297534c38602e55a9e98089f18b,371路,2016-11-02 06:41:45,bus_off,226100.0,486bd147abda053b218d159a17350d08,1
1765,c8eec224bded3d7569eddb2a322dcce7,27路,2016-11-02 06:55:24,bus_on,226100.0,486bd147abda053b218d159a17350d08,2
1807,c8eec224bded3d7569eddb2a322dcce7,27路,2016-11-02 07:06:25,bus_off,226100.0,486bd147abda053b218d159a17350d08,3
1860,873e000fce5aa677e36c36b74cd60043,371路,2016-11-02 08:15:39,bus_on,269139.0,f6dd7fbb5354202614eaab60d567d229,0
1860,873e000fce5aa677e36c36b74cd60043,371路,2016-11-02 08:19:07,bus_off,269139.0,f6dd7fbb5354202614eaab60d567d229,1
1860,3c9424ecdcf188cb52276f3f670b92ed,木棉湾,2016-11-02 08:23:53,subway_on,269139.0,f6dd7fbb5354202614eaab60d567d229,2
1807,b37d1971fd56949d89a73320bbf45098,老街,2016-11-02 08:52:29,subway_off,269139.0,f6dd7fbb5354202614eaab60d567d229,3
1860,037a453c5fb07e3385fb6a161bd21630,M265,2016-11-02 07:37:18,bus_on,370219.0,2212a84bd2edf3a5649654d6d8218dcc,0
1860,037a453c5fb07e3385fb6a161bd21630,M265,2016-11-02 07:40:49,bus_off,370219.0,2212a84bd2edf3a5649654d6d8218dcc,1
1860,3c9424ecdcf188cb52276f3f670b92ed,木棉湾,2016-11-02 07:47:53,subway_on,370219.0,2212a84bd2edf3a5649654d6d8218dcc,2
1807,b37d1971fd56949d89a73320bbf45098,老街,2016-11-02 08:15:14,subway_off,370219.0,2212a84bd2edf3a5649654d6d8218dcc,3
1860,58326eafcec6995c2dd1fc3f79aae268,379,2016-11-02 07:19:41,bus_on,375866.0,66aab48e9edccfd6477fda89e7516af4,0
1860,58326eafcec6995c2dd1fc3f79aae268,379,2016-11-02 07:22:02,bus_off,375866.0,66aab48e9edccfd6477fda89e7516af4,1
1860,3c9424ecdcf188cb52276f3f670b92ed,木棉湾,2016-11-02 07:30:46,subway_on,375866.0,66aab48e9edccfd6477fda89e7516af4,2
1807,944fd931c5d98b51671886471aef13c0,国贸站,2016-11-02 07:54:42,subway_off,375866.0,66aab48e9edccfd6477fda89e7516af4,3
1860,67b8ddfee2e3493b155e5f78ba679bcf,822,2016-11-02 08:01:34,bus_on,386337.0,4ff636cdd375692fd01f069f3658f0a9,0
1860,67b8ddfee2e3493b155e5f78ba679bcf,822,2016-11-02 08:04:29,bus_off,386337.0,4ff636cdd375692fd01f069f3658f0a9,1
1860,3c9424ecdcf188cb52276f3f670b92ed,木棉湾,2016-11-02 08:09:18,subway_on,386337.0,4ff636cdd375692fd01f069f3658f0a9,2
1807,944fd931c5d98b51671886471aef13c0,国贸站,2016-11-02 08:46:53,subway_off,386337.0,4ff636cdd375692fd01f069f3658f0a9,3
1860,d36ad7fd9980293d48f9a9757cea2e3a,GF32,2016-11-02 08:04:09,bus_on,398378.0,ba46bf997bf7bd3b9f45a0ff223007bc,0
1807,d36ad7fd9980293d48f9a9757cea2e3a,GF32,2016-11-02 08:36:50,bus_off,398378.0,ba46bf997bf7bd3b9f45a0ff223007bc,1
1860,d36ad7fd9980293d48f9a9757cea2e3a,GF32,2016-11-02 07:05:19,bus_on,398392.0,3241135a73968164c17adca92f079aac,0
1807,d36ad7fd9980293d48f9a9757cea2e3a,GF32,2016-11-02 09:21:10,bus_off,398392.0,3241135a73968164c17adca92f079aac,1
1860,46436143062cedc36c79850116b1dfc1,306路,2016-11-02 08:12:35,bus_on,404620.0,6d2297f26f5f242dc4beb4769aa05b13,0
1855,46436143062cedc36c79850116b1dfc1,306路,2016-11-02 08:36:36,bus_off,404620.0,6d2297f26f5f242dc4beb4769aa05b13,1
1807,d9591fb8da1ecb06abdd1ee6172f08c1,17路,2016-11-02 08:38:17,bus_on,404620.0,6d2297f26f5f242dc4beb4769aa05b13,2
1807,d9591fb8da1ecb06abdd1ee6172f08c1,17路,2016-11-02 09:20:17,bus_off,404620.0,6d2297f26f5f242dc4beb4769aa05b13,3
1860,988d2823f984ac427dfdcd99898fd917,306路,2016-11-02 08:33:32,bus_on,443722.0,2cccde4f7e53985cb439cb9e2714a48f,0
1855,988d2823f984ac427dfdcd99898fd917,306路,2016-11-02 08:54:02,bus_off,443722.0,2cccde4f7e53985cb439cb9e2714a48f,1
1855,affbbb4a5d0b710e055f03d9505b4d40,M445,2016-11-02 08:55:06,bus_on,443722.0,2cccde4f7e53985cb439cb9e2714a48f,2
1807,affbbb4a5d0b710e055f03d9505b4d40,M445,2016-11-02 09:03:52,bus_off,443722.0,2cccde4f7e53985cb439cb9e2714a48f,3
1860,dd16218377956257620fadf1baf66025,306路,2016-11-02 08:11:20,bus_on,456771.0,53b34ba4b6dc367e14249a7a274058ca,0
1860,dd16218377956257620fadf1baf66025,306路,2016-11-02 08:15:21,bus_off,456771.0,53b34ba4b6dc367e14249a7a274058ca,1
1860,3c9424ecdcf188cb52276f3f670b92ed,木棉湾,2016-11-02 08:21:43,subway_on,456771.0,53b34ba4b6dc367e14249a7a274058ca,2
1807,944fd931c5d98b51671886471aef13c0,国贸站,2016-11-02 08:53:51,subway_off,456771.0,53b34ba4b6dc367e14249a7a274058ca,3
1860,18b52c738c5adf809d5933d2525f4513,379,2016-11-02 07:59:35,bus_on,458414.0,043df6497e8e0bd664fc4144c61ca511,0
1860,18b52c738c5adf809d5933d2525f4513,379,2016-11-02 08:03:07,bus_off,458414.0,043df6497e8e0bd664fc4144c61ca511,1
1860,3c9424ecdcf188cb52276f3f670b92ed,木棉湾,2016-11-02 08:07:53,subway_on,458414.0,043df6497e8e0bd664fc4144c61ca511,2
1807,944fd931c5d98b51671886471aef13c0,国贸站,2016-11-02 08:41:12,subway_off,458414.0,043df6497e8e0bd664fc4144c61ca511,3
1860,4a5dd8e9cee8b0026cb778753968a9a5,GF32,2016-11-02 07:54:41,bus_on,463157.0,aa5e3b2416b65135a2d7418fed93040a,0
1807,4a5dd8e9cee8b0026cb778753968a9a5,GF32,2016-11-02 08:27:33,bus_off,463157.0,aa5e3b2416b65135a2d7418fed93040a,1
